step time_ps strain stress_z_GPa stress_x_GPa stress_y_GPa temp_K lx_A ly_A lz_A
1000 1 -2.2146528218352e-16 -0.935812452575953 0.87072940946052 0.482389512256927 289.776591105482 15.7446963416115 16.4233744030763 64.1674152042756
2000 2 0.00499999999999976 -0.742460646992317 0.0163217831453704 -0.0277406456098237 306.925768707145 15.572966107834 16.4647820506448 64.488252280297
3000 3 0.00999999999999974 -0.29272605416355 0.240900125376313 0.0325052752358143 297.549023826172 15.5923841183136 16.399878583706 64.8090893563183
4000 4 0.0149999999999997 0.0433704151308197 -0.334821494600905 0.0695901638189514 296.600946196501 15.4735131302785 16.423699482244 65.1299264323397
5000 5 0.0199999999999997 0.44469475185219 0.346130197389717 0.594354015981768 297.34413639551 15.4426459090404 16.4077080482101 65.4507635083611
6000 6 0.0249999999999997 -0.123590766754394 0.283844157769058 0.22725560288571 306.092019593395 15.3873933911544 16.3556754387339 65.7716005843825
7000 7 0.0299999999999997 -0.153256338608684 -0.156569338345853 0.0102627608440309 296.679027551744 15.3290886856062 16.3226307485156 66.0924376604038
8000 8 0.0349999999999996 0.211811017670769 0.0813442343054588 -0.0330378812720287 300.21795277757 15.3380283363119 16.2457895064124 66.4132747364252
9000 9 0.0399999999999996 0.209198324434654 -0.272590463283982 0.0161759735560243 301.328866204655 15.2499108768219 16.2522686718711 66.7341118124466
10000 10 0.0449999999999996 0.747869030444819 0.196603274729202 -0.175614806957041 287.457650809802 15.284763443734 16.1777844579089 67.054948888468
11000 11 0.0499999999999996 1.08185254342057 0.017655040203372 -0.226427821304451 307.230659860648 15.2576422071312 16.1122238494148 67.3757859644894
12000 12 0.0549999999999996 1.09806849334471 -0.131709815347241 -0.13662257744411 299.571367702089 15.2054801113878 16.1137394834053 67.6966230405107
13000 13 0.0599999999999996 1.49409841511616 -0.109237950803149 0.355582541559296 308.037869992746 15.1747110666526 16.0805366683572 68.0174601165321
14000 14 0.0649999999999998 1.52803039174175 0.0292561459577718 0.157875595284113 297.777445089401 15.193239325601 15.9982775339747 68.3382971925535
15000 15 0.0699999999999997 1.97770712606913 0.356120130783029 0.121476363457842 285.271153331609 15.1196162532301 16.0049496672103 68.6591342685749
16000 16 0.0749999999999997 1.36110712384595 -0.0379484969282253 -0.157557716027322 312.742809420288 15.139119042605 15.8898130701885 68.9799713445963
17000 17 0.0799999999999997 1.85962314547134 -0.33948195163214 -0.616892265670172 287.960877638718 15.0905928769034 15.8648095668609 69.3008084206176
18000 18 0.0849999999999997 1.81502590637911 -0.30137529965964 -0.0646515708537221 300.530167321965 15.0401995937196 15.8634036602645 69.621645496639
19000 19 0.0899999999999997 2.3813861488093 -0.140539957076211 0.436046693728837 300.585484065781 15.0050105538007 15.871592523905 69.9424825726604
20000 20 0.0949999999999999 2.71648310822067 0.0168982404007246 0.157633419453169 297.068737766647 14.991155650076 15.8377005956169 70.2633196486818
21000 21 0.0999999999999998 2.44363096811657 -0.112628400922629 -0.289300983385727 312.228859833533 15.0379588778947 15.6744547026718 70.5841567247031
22000 22 0.105 2.45136155628434 -0.397794927787004 -0.119684780682317 291.698066081145 14.9185280518245 15.7077244729493 70.9049938007245
23000 23 0.11 2.75100733146902 0.38112374553465 0.236710365967482 299.29040819593 14.9719906349352 15.64875471865 71.2258308767459
24000 24 0.115 3.06476049453226 0.220733367692333 0.655330488817903 302.193419326982 14.8279512146323 15.7425536203925 71.5466679527673
25000 25 0.12 3.01172334685909 0.303370219639047 0.399237900092067 302.728682323538 14.8662001689355 15.6462047928635 71.8675050287887
26000 26 0.125 3.19596283944212 0.129768963024167 -0.0426400355627444 291.445102833512 14.8181610559212 15.6091930038118 72.18834210481
27000 27 0.13 2.68813525124931 -0.320960762820336 -0.346105743940672 295.109322928058 14.7016355020161 15.6077550007723 72.5091791808314
28000 28 0.135 2.15896812546913 -0.130896572037547 -0.255725358576214 296.630660234663 14.7028590368758 15.5390937840917 72.8300162568528
29000 29 0.14 1.92138170560115 -0.362370574734111 -0.3303644820749 293.733176312846 14.674487253111 15.4776133694255 73.1508533328742
30000 30 0.145 2.28881456397711 -0.427369537760498 0.153237467558446 300.518147662002 14.61464219567 15.4944771446503 73.4716904088955
31000 31 0.15 2.50027971496405 -0.173479416070449 -0.277866139965817 291.400247886294 14.5911810580751 15.4457539123879 73.7925274849169
32000 32 0.155 2.46780917912681 0.201203796800124 0.0536083378080476 300.485270042677 14.5769450588289 15.4141397155781 74.1133645609383
33000 33 0.16 2.86117552166575 0.0338780199560544 0.154007657578084 314.214997125751 14.552823836199 15.3762299933329 74.4342016369597
34000 34 0.165 2.76305027195398 0.454929491501034 0.26997008940836 308.880152685484 14.5144695147194 15.367114798878 74.755038712981
35000 35 0.17 2.84010076176222 0.00617116313624477 0.353794143872451 312.307852662105 14.5214008959022 15.2962747367909 75.0758757890024
36000 36 0.175 3.15680136950747 0.212782225686256 0.624331038333175 285.114309532404 14.5187845864343 15.2730682387968 75.3967128650238
37000 37 0.18 3.30901191558733 -0.0467021585170301 -0.13218706705863 300.07316577768 14.4977911368903 15.2099202905339 75.7175499410452
38000 38 0.185 3.38361776375883 -0.482575286482739 -0.222425334703527 313.997893438308 14.4300006982931 15.2009715768417 76.0383870170666
39000 39 0.19 3.32346455358128 -0.477934780472556 -0.189909481498257 293.297489563918 14.4292873128218 15.1740384454315 76.3592240930879
40000 40 0.195 3.16130676172663 -0.58563269130277 -0.599865944357583 302.352238132308 14.4119077866823 15.0970492482646 76.6800611691093
41000 41 0.2 3.28104814912128 -0.284656557259481 -0.231801397745228 284.530089856016 14.4183255313007 15.0467040808094 77.0008982451307
42000 42 0.205 3.70874801482809 -0.283059190011679 -0.137344236314243 299.545353369674 14.3515093149069 15.0781519518742 77.3217353211521
43000 43 0.21 3.55017530346163 -0.363575376876566 -0.0654066856032094 300.822518590485 14.3314383602981 15.0257141036348 77.6425723971735
44000 44 0.215 3.04743059863471 -0.267883200437969 -0.232436668582205 298.345570975134 14.3051063377312 14.9922786273981 77.9634094731948
45000 45 0.22 7.15003788174852 2.02534275029597 4.04541217370881 386.495868827946 14.2212230459052 15.0312482064254 78.2842465492162
46000 46 0.225 2.82892033027587 -0.203756170231362 -0.305330387991803 298.184833444068 14.2550810782848 14.93203332839 78.6050836252376
47000 47 0.23 2.7075300527177 -0.261519703433321 -0.0990589327099238 293.434351398469 14.2344807572701 14.899623931475 78.925920701259
48000 48 0.235 2.96644160619034 0.0600869163120487 0.072810318215932 320.803538666653 14.181635980454 14.8795743923645 79.2467577772804
49000 49 0.24 2.62877507252275 -0.132594787575503 -0.192045437103453 277.001069397769 14.125418672671 14.8766029692855 79.5675948533017
50000 50 0.245 3.02440624572659 0.0904949357096571 0.0968273613550223 298.301245152472 14.0782734724975 14.9003394221618 79.8884319293231
51000 51 0.25 2.86415859871992 0.171312193353615 0.157476853597333 309.124550559946 14.1004176963625 14.786580644157 80.2092690053445
52000 52 0.255 1.92121813995043 -0.155136602944709 0.0467989948406138 295.49382781608 13.982522936964 14.809405087131 80.5301060813659
53000 53 0.26 2.43287019367553 -0.0791595116467975 0.0241133992816038 296.127338932442 14.0295719903204 14.7132442416599 80.8509431573872
54000 54 0.265 2.07448183523314 -0.0601866755515868 -0.0993333068186417 299.943885315659 14.0837114718082 14.6171242502333 81.1717802334086
55000 55 0.27 2.20230578048906 -0.0786867698834325 -0.219933920864788 292.346366352309 13.9534932903604 14.648538393363 81.49261730943
56000 56 0.275 1.97617233010622 0.130359202480198 0.17097771068078 307.833139941165 13.9566576183468 14.6006920999645 81.8134543854514
57000 57 0.28 2.11937048786513 -0.174191288813645 -0.0436631323296225 316.164924865199 13.9292148631991 14.5848943925406 82.1342914614727
58000 58 0.285 2.13176292333625 -0.378432221938194 -0.0261880873779502 307.891115485999 13.902386247406 14.5476663101547 82.4551285374941
59000 59 0.29 2.62956988946071 0.12169147550454 0.0713603984282229 297.590820643609 13.9024128238594 14.5412712913179 82.7759656135155
60000 60 0.295 2.27543227801464 -0.595682601491507 -0.376552573403916 285.954024818902 13.8354135813344 14.515749751783 83.0968026895369
61000 61 0.3 2.70519371660664 -0.0766350790361006 0.376614414870592 310.570010047842 13.8011260359782 14.543379614067 83.4176397655582
62000 62 0.304999999999999 2.7966845951074 0.181583195381049 0.036255150172953 309.265614027477 13.785609546629 14.4889443564821 83.7384768415796
63000 63 0.31 2.89664388266792 0.162385107212232 0.0330525848937183 295.193868195576 13.7569009715758 14.4701787136865 84.059313917601
64000 64 0.315 3.28474914015201 0.35872719610164 0.403768297073156 307.707811539636 13.7464556840729 14.4565597350725 84.3801509936224
65000 65 0.32 2.71078139401635 0.430129265985729 0.270528300022385 300.683243379779 13.7290172196523 14.3935450970259 84.7009880696438
66000 66 0.325 2.61410909649102 -0.154764763863914 0.0637711132584321 304.731992096383 13.6524626904675 14.4082160687382 85.0218251456651
67000 67 0.33 2.94997963457984 0.0759304424707111 0.297864338949425 302.097490701603 13.609445056629 14.4133700659404 85.3426622216865
68000 68 0.335 2.9076590003311 -0.197189813946706 0.233373785742823 304.492635987453 13.5842140516746 14.3865358638454 85.6634992977079
69000 69 0.34 2.67041034471162 -0.187095867749829 -0.154976186681848 292.149362266433 13.5599964461876 14.3422090299193 85.9843363737293
70000 70 0.345 3.25235175183653 0.0619627756285753 0.073317833141291 316.208723781244 13.5779827187656 14.298771643373 86.3051734497507
71000 71 0.35 2.90584718932909 -0.706493390041893 -0.394796724654252 297.694320562367 13.5309816859404 14.2725320005995 86.626010525772
72000 72 0.355 3.52929902962122 -0.0089073829677236 0.114380524458582 294.579573017778 13.5484810128783 14.2425521687583 86.9468476017934
73000 73 0.36 3.20784933622009 0.311523715704807 0.143923226384409 296.494724121104 13.545490377359 14.2045546592452 87.2676846778148
74000 74 0.365 3.40329222719491 0.299737039560367 0.597861222757026 305.242781675127 13.4563838949196 14.2327439908817 87.5885217538362
75000 75 0.37 2.63995725663195 -0.394070749813613 -0.343070346549752 303.250201275899 13.3801982604692 14.2040257763139 87.9093588298576
76000 76 0.375 2.4596930433468 -0.284862627940564 -0.642646865946416 295.102760603254 13.3389884469654 14.1704493112243 88.2301959058789
77000 77 0.38 2.31736689843515 -0.327114161340438 0.0946537155003944 301.562397782855 13.3203823958896 14.1554870983767 88.5510329819003
78000 78 0.385 2.47068395555427 -0.224277845001391 -0.259361360872867 311.618440787342 13.3413727981477 14.0920920141614 88.8718700579217
79000 79 0.39 2.52950644151512 0.13394649877946 0.00876811543799677 307.484443364987 13.3028375742783 14.0859248712337 89.1927071339431
80000 80 0.395 2.83059264737051 0.372755071409382 0.287872354472342 296.249327508366 13.3090021618736 14.0406429140183 89.5135442099644
81000 81 0.4 2.72709829596947 0.11325498118054 0.0810493988231393 320.541449680307 13.2526553959713 14.06397298456 89.8343812859858
82000 82 0.405 2.53744829118246 -0.331042386116652 0.297090133278768 299.73201315962 13.1617371371636 14.1071704742625 90.1552183620072
83000 83 0.41 3.24306213415731 -0.284661370511491 -0.0358739207176178 307.489775730153 13.146293999107 14.0682785597769 90.4760554380286
84000 84 0.415 3.31075328447714 -0.0440215789258365 -0.0749412012409665 291.531322030666 13.1279830631606 14.057674922733 90.7968925140499
85000 85 0.42 3.08403281662917 -0.0641708229032986 0.261870936139715 297.242750080445 13.1746598896968 13.9926394507039 91.1177295900713
86000 86 0.424999999999999 3.52177610007281 0.0326593103666622 -0.087181849646809 301.225011997917 13.151299171127 13.9655727115935 91.4385666660927
87000 87 0.429999999999999 3.14219971396416 -0.276184796164242 -0.390419466609833 287.580764106695 13.0904822184669 13.952822784815 91.7594037421141
88000 88 0.435 3.60327567469187 0.0136136954454031 -0.336163639333622 278.855849565264 13.1418128479599 13.8660654272788 92.0802408181355
89000 89 0.439999999999999 3.7702083467921 0.0596914374532837 -0.129410065798415 294.675963063494 13.0550582698117 13.9233195058142 92.4010778941568
90000 90 0.445 3.23982566143917 -0.0526514798564971 -0.143250548539117 300.487529363226 13.0274490620681 13.8751973091254 92.7219149701782
91000 91 0.45 3.68469190834681 0.121075783574134 0.0212987492851421 299.688039917989 13.0006186246161 13.8769491361429 93.0427520461996
92000 92 0.455 3.72374695140381 0.245660734580188 0.0769949281807285 300.385309688952 13.0020461105984 13.8263622139062 93.363589122221
93000 93 0.46 3.53205267591198 0.0246288790156686 -0.0188965694667938 293.670468612174 12.9333346910804 13.8347362027739 93.6844261982424
94000 94 0.465 4.09008432259596 0.124470343741515 0.126862718902489 304.962010022331 12.9490678938152 13.793804097341 94.0052632742637
95000 95 0.47 4.13077294196369 0.0663933897893276 0.16109568254196 296.530476581884 12.878491135264 13.813868584579 94.3261003502851
96000 96 0.475 3.5838542434233 0.285673047896868 0.110090004520443 298.090737281145 12.9200040629577 13.7510500366435 94.6469374263065
97000 97 0.48 3.41489722384741 0.0409895396041178 0.0572871624928005 303.474021654776 12.8517108119491 13.7227253180208 94.9677745023279
98000 98 0.485 3.33956537721838 0.129221857809005 -0.225202386446604 309.078574889682 12.8095961954015 13.7243764409558 95.2886115783492
99000 99 0.49 3.40156291013717 -0.0461964470192711 -0.0117070582839512 304.505177387312 12.759433543672 13.7367911618308 95.6094486543706
100000 100 0.495 3.29229587992533 -0.218722082333294 -0.154629391999008 303.36600396232 12.7487378897771 13.6854163092046 95.930285730392
101000 101 0.5 3.37099067930722 -0.362012429234956 -0.222789445880149 292.345957497955 12.7300147954903 13.6557493034702 96.2511228064134
