# r(A) g(r)_avg coord_avg
0.03000000 0.00000000 0.00000000
0.09000000 0.00000000 0.00000000
0.15000000 0.00000000 0.00000000
0.21000000 0.00000000 0.00000000
0.27000000 0.00000000 0.00000000
0.33000000 0.00000000 0.00000000
0.39000000 0.00000000 0.00000000
0.45000000 0.00000000 0.00000000
0.51000000 0.00000000 0.00000000
0.57000000 0.00000000 0.00000000
0.63000000 0.00000000 0.00000000
0.69000000 0.00000000 0.00000000
0.75000000 0.00000000 0.00000000
0.81000000 0.00000000 0.00000000
0.87000000 0.00000000 0.00000000
0.93000000 0.00000000 0.00000000
0.99000000 0.00000000 0.00000000
1.05000000 0.00000000 0.00000000
1.11000000 0.00000000 0.00000000
1.17000000 0.00000000 0.00000000
1.23000000 0.00000000 0.00000000
1.29000000 0.00000000 0.00000000
1.35000000 0.00000000 0.00000000
1.41000000 0.00000000 0.00000000
1.47000000 0.00000000 0.00000000
1.53000000 0.00000000 0.00000000
1.59000000 0.00000000 0.00000000
1.65000000 0.00000000 0.00000000
1.71000000 0.00000000 0.00000000
1.77000000 0.00000000 0.00000000
1.83000000 0.00000000 0.00000000
1.89000000 0.00000000 0.00000000
1.95000000 0.00000000 0.00000000
2.01000000 0.00000000 0.00000000
2.07000000 0.00000000 0.00000000
2.13000000 0.00000000 0.00000000
2.19000000 0.00000000 0.00000000
2.25000000 0.00000000 0.00000000
2.31000000 0.00000000 0.00000000
2.37000000 0.00000000 0.00000000
2.43000000 3.03075720 0.92307692
2.49000000 0.00000000 0.92307692
2.55000000 2.75223402 1.84615385
2.61000000 0.00000000 1.84615385
2.67000000 2.09200979 2.61538462
2.73000000 2.40128098 3.53846154
2.79000000 4.59822912 5.38461538
2.85000000 1.10166614 5.84615385
2.91000000 1.05670654 6.30769231
2.97000000 0.00000000 6.30769231
3.03000000 0.00000000 6.30769231
3.09000000 1.24957950 6.92307692
3.15000000 1.20243126 7.53846154
3.21000000 0.00000000 7.53846154
3.27000000 0.00000000 7.53846154
3.33000000 0.00000000 7.53846154
3.39000000 0.00000000 7.53846154
3.45000000 0.00000000 7.53846154
3.51000000 0.00000000 7.53846154
3.57000000 0.00000000 7.53846154
3.63000000 0.00000000 7.53846154
3.69000000 0.00000000 7.53846154
3.75000000 0.00000000 7.53846154
3.81000000 0.00000000 7.53846154
3.87000000 0.00000000 7.53846154
3.93000000 0.00000000 7.53846154
3.99000000 0.00000000 7.53846154
4.05000000 0.00000000 7.53846154
4.11000000 0.00000000 7.53846154
4.17000000 0.00000000 7.53846154
4.23000000 0.00000000 7.53846154
4.29000000 0.32414762 7.84615385
4.35000000 0.00000000 7.84615385
4.41000000 0.30674721 8.15384615
4.47000000 1.19427111 9.38461538
4.53000000 0.87213357 10.30769231
4.59000000 0.00000000 10.30769231
4.65000000 0.13795028 10.46153846
4.71000000 0.13445805 10.61538462
4.77000000 0.00000000 10.61538462
4.83000000 0.00000000 10.61538462
4.89000000 0.00000000 10.61538462
4.95000000 0.00000000 10.61538462
5.01000000 0.00000000 10.61538462
5.07000000 0.23208310 10.92307692
5.13000000 0.56671516 11.69230769
5.19000000 0.00000000 11.69230769
5.25000000 0.00000000 11.69230769
5.31000000 0.00000000 11.69230769
5.37000000 0.00000000 11.69230769
5.43000000 0.00000000 11.69230769
5.49000000 0.00000000 11.69230769
5.55000000 0.00000000 11.69230769
5.61000000 0.18955474 12.00000000
5.67000000 0.00000000 12.00000000
5.73000000 0.00000000 12.00000000
5.79000000 0.00000000 12.00000000
5.85000000 0.00000000 12.00000000
5.91000000 0.00000000 12.00000000
5.97000000 0.00000000 12.00000000
