step time_ps strain stress_z_GPa stress_x_GPa stress_y_GPa temp_K lx_A ly_A lz_A
1000 1 1.54667788356848e-15 0.106415054780826 0.418922252400781 0.384992197698734 1003.85344968827 15.6807074683127 32.1136794494978 32.1579509422169
2000 2 0.00500000000000148 0.474284412657331 -0.392992268988753 0.561325231770071 967.140826815382 15.4496509159864 32.2955885631808 32.318740696928
3000 3 0.0100000000000016 1.21104796686346 0.361469889900807 0.995208763478231 992.263781602959 15.5168068952357 32.1428464505526 32.4795304516391
4000 4 0.0150000000000016 0.0873844079808739 -0.481699986439183 -0.744617651815545 979.488254134487 15.598133868404 31.6785833800661 32.6403202063502
5000 5 0.0200000000000015 1.16795628095494 -0.113088837753456 0.40009036802584 998.411107467585 15.5331641544028 31.8346561521893 32.8011099610613
6000 6 0.0250000000000017 1.34965288678318 0.165355234607181 0.128924378805612 1007.82686814218 15.5916375685013 31.5268394102553 32.9618997157724
7000 7 0.0300000000000016 1.40297067997154 0.218223075241137 0.262984831715873 960.256068166524 15.535011617191 31.4894585748185 33.1226894704835
8000 8 0.0350000000000015 0.920341239806318 -0.35680861318991 -0.0151189432926719 1057.9018727129 15.4240450566954 31.4122757291939 33.2834792251945
9000 9 0.0400000000000017 0.922263872066276 0.247983536078685 -0.0481501161479352 1009.10265721472 15.3091444944599 31.4548912814366 33.4442689799056
10000 10 0.0450000000000016 0.0817019891960792 -0.535109345434232 -0.799382536172442 1027.12555664033 15.3219559061913 31.2388649048943 33.6050587346167
11000 11 0.0500000000000015 0.499097369251936 -0.427123013205235 -0.558200702473083 991.718862816373 15.2363456074575 31.2864803142262 33.7658484893278
12000 12 0.0550000000000017 0.0706182891747238 -0.568320481423253 -0.669876398711609 988.098680673537 15.130535963688 31.2631938261702 33.9266382440389
13000 13 0.0600000000000016 1.43446464710699 0.426765390832407 0.565456988916703 990.642048122825 15.1984491252753 31.2556765549082 34.08742799875
14000 14 0.0650000000000016 0.936316651193699 -0.167014720486635 -0.39666896350168 1013.39148636394 15.1490694804517 31.1052982270675 34.248217753461
15000 15 0.0700000000000017 1.49684564779496 0.433689786531353 0.389633517357793 992.224706439143 15.1039518107554 31.0837428615799 34.4090075081721
16000 16 0.0750000000000014 1.43433136912085 -0.0648092634584461 -0.379038953159896 1036.91104782918 15.0969987193835 30.8845422861069 34.5697972628832
17000 17 0.0800000000000016 1.82700620795264 -0.376485402152883 -0.282373339817088 991.959710890982 14.9559216689476 31.0285078629813 34.7305870175943
18000 18 0.0850000000000017 2.32989629584936 0.269900954015597 0.626484566689674 1024.68700094792 14.9682347970084 31.0270883048758 34.8913767723054
19000 19 0.0900000000000015 3.00128737743109 1.14884529862741 1.18494591753005 972.389658846706 14.9678337500187 31.0599498780022 35.0521665270165
20000 20 0.0950000000000016 1.47500625718696 -0.475467477956932 0.0408855392619531 1018.20127785022 14.8005118743052 30.8971352286501 35.2129562817276
21000 21 0.100000000000002 1.00811293130149 -0.851281110016938 -1.16472166107804 992.953498281476 14.7193300931389 30.9281957029524 35.3737460364386
22000 22 0.105000000000001 1.75650814032035 -0.459320408693367 -0.279939530608189 984.464282213555 14.6783383225173 30.9657057831962 35.5345357911497
23000 23 0.110000000000002 1.85937812008834 -0.07110236420287 -0.41679613678064 984.804275461074 14.7826784502944 30.6701426965969 35.6953255458608
24000 24 0.115000000000002 2.56190053352458 0.247602251979418 0.494059125610954 1042.72249530176 14.6553779315342 30.885421014075 35.8561153005719
25000 25 0.120000000000002 1.57219989898664 -0.293751816058612 -0.434472465844877 1020.66871347662 14.6546541028432 30.6491741696282 36.016905055283
26000 26 0.125000000000002 2.28767227579502 -0.37775107753964 0.195012788003589 997.799070765607 14.5724255908945 30.7126607667966 36.1776948099941
27000 27 0.130000000000002 2.13250043564595 -0.673099056629945 0.477559381544007 1036.71099965162 14.4393482353436 30.8636224555487 36.3384845647052
28000 28 0.135000000000002 1.659352438279 -0.565616323437069 -0.844950239462155 983.701739265413 14.4757245772967 30.4972512175911 36.4992743194162
29000 29 0.140000000000002 1.9466410330919 0.116065144243096 -0.252805082318257 960.154515583441 14.4190923533041 30.5954992667219 36.6600640741273
30000 30 0.145000000000002 1.50736517217745 -0.317516677330553 -0.20198512167344 963.572531287917 14.351212755902 30.5506441978067 36.8208538288384
31000 31 0.150000000000002 1.88390395763196 -0.0204273071557831 -0.368214145434568 989.936965987266 14.3524860280169 30.4459545289493 36.9816435835495
32000 32 0.155000000000002 2.24832316262033 -0.203306247930154 -0.0961879097840064 1026.81934937135 14.376812759398 30.3776588958739 37.1424333382606
33000 33 0.160000000000002 2.10189282642112 -0.0266408776903705 -0.203285250141715 1014.4427456679 14.3660540872001 30.1981241391052 37.3032230929717
34000 34 0.165000000000002 0.312591930976622 -0.868408457321866 -0.754661368544336 971.057758689839 14.3298049703757 29.9189524483966 37.4640128476827
35000 35 0.170000000000002 1.69329519178473 0.13530819404276 -0.308839608144482 1057.38490523561 14.2812951616622 30.1181541482067 37.6248026023938
36000 36 0.175000000000002 1.85876470750534 0.379746750048899 0.468018605629027 1005.57432369488 14.2255189995017 30.1864078023392 37.7855923571049
37000 37 0.180000000000002 2.6796779262577 0.749884913110888 0.309139357744733 989.526098690102 14.226552928246 30.13821447522 37.946382111816
38000 38 0.185000000000002 1.68117121777367 0.0604583222453675 -0.153839111126074 1045.77996405488 14.1619818207611 29.9437038129793 38.1071718665271
39000 39 0.190000000000002 2.79360620161055 0.255401737752169 0.186676924756693 993.13120223948 14.208120215793 29.8202879024417 38.2679616212382
40000 40 0.195000000000002 1.28781726263899 -0.202641512439956 -0.450173505047253 1020.96697079969 14.1676508170206 29.6071612141201 38.4287513759492
41000 41 0.200000000000002 1.01737850848108 -0.46590736223947 0.0356634132351015 1016.79730655658 14.1216329697721 29.6297718180194 38.5895411306603
42000 42 0.205000000000002 1.54856931618447 0.142559401569025 -0.661505277324 978.111357208914 14.0816311827461 29.6202909359609 38.7503308853714
43000 43 0.210000000000002 1.54388845102552 0.157500481007783 0.0835570491403106 1002.35649993495 14.0678438766727 29.5826484177902 38.9111206400825
44000 44 0.215000000000002 1.77183425316519 0.283052759718429 0.161733099306781 1026.23095305249 14.0632823778415 29.5424503747147 39.0719103947936
45000 45 0.220000000000002 1.88818309342606 -0.309702498804191 0.136530590561517 961.24183430072 13.8834550234812 29.7336445832416 39.2327001495047
46000 46 0.225000000000002 1.26315533124565 -0.25563131240703 -0.673500902265013 1022.72226247921 13.9899021390269 29.3229309769707 39.3934899042158
47000 47 0.230000000000002 2.91877763058756 0.82917780938336 0.564703966030791 1015.20817609208 13.9852128565172 29.3441037431728 39.5542796589268
48000 48 0.235000000000002 1.98219764422153 -0.180326722704413 0.1031082563421 977.146133734456 13.9787401115304 29.2350095226889 39.7150694136379
49000 49 0.240000000000002 2.05466325577379 0.401243490643036 0.0874069545920548 992.767169413754 13.8935453778428 29.2725864578488 39.875859168349
50000 50 0.245000000000002 1.51598745466794 0.185953943619324 0.18344346862049 1007.43239511644 13.8137326036073 29.2863582120066 40.0366489230601
51000 51 0.250000000000002 1.17380159034659 -0.522485945419471 -0.796682437885422 1008.76524621974 13.7651313037686 29.1343119602903 40.1974386777712
52000 52 0.255000000000002 1.76116744114916 -0.235970729639728 0.0246878290531362 1013.20616971204 13.7114608452606 29.2567598725121 40.3582284324823
53000 53 0.260000000000002 1.0257135995314 -1.17351835037441 -0.657672859868657 1003.09793627207 13.6352786144149 29.192388183125 40.5190181871934
54000 54 0.265000000000002 1.36956800120729 -0.741667972502247 0.374985550568532 1023.27470779821 13.5660256559007 29.2969152233189 40.6798079419044
55000 55 0.270000000000002 1.39435708957362 -0.0862121365952314 -0.355154166289684 1013.52143359165 13.6590323682473 28.9449453897054 40.8405976966155
56000 56 0.275000000000002 1.69162646832712 1.19091558251148 0.369512927087062 1007.17957145408 13.740873448769 28.7445814950396 41.0013874513266
57000 57 0.280000000000002 1.5504122406089 0.366468001425833 -0.120307483664627 954.400663057975 13.6418244390611 28.8014086058609 41.1621772060377
58000 58 0.285000000000002 1.67102073503601 0.658028783538492 -0.296715507113774 1022.21448842513 13.649808846071 28.6476378493099 41.3229669607488
59000 59 0.290000000000002 0.427977954967977 -0.92407800869857 -0.356579962507641 982.443217638132 13.4830499194131 28.7328605249727 41.4837567154599
60000 60 0.295000000000002 1.42590379368732 0.572824917235016 0.479007898427589 932.960085401542 13.5584550756478 28.664764202847 41.644546470171
61000 61 0.300000000000002 1.68584931619923 0.348469048017449 0.374850153247021 1009.97877407343 13.5481129134343 28.5713843653252 41.805336224882
62000 62 0.305000000000002 1.50773859250626 -0.237595072202361 -0.496338497163068 968.123119734137 13.5278248077451 28.397726115378 41.9661259795931
63000 63 0.310000000000002 2.05027816231043 -0.329204495997972 -0.4442137067794 982.532904531344 13.5058878271993 28.3109865305199 42.1269157343042
64000 64 0.315000000000002 1.86566229544213 -0.131601676365546 -0.263501911674895 960.91280667017 13.5131222546538 28.2534283125313 42.2877054890153
65000 65 0.320000000000002 1.41540795929567 0.10052142657432 -0.347427529066839 976.787322399208 13.5669371011848 28.0515759872861 42.4484952437264
66000 66 0.325000000000002 2.06099147495256 -0.00869610246555027 0.669309847260373 1023.60967197824 13.354787763102 28.3974808134103 42.6092849984375
67000 67 0.330000000000002 2.16144794950389 0.326187943833982 0.838578132185116 973.539754545887 13.4440100944762 28.1575138110919 42.7700747531485
68000 68 0.335000000000002 0.626278520121722 -1.08446643717468 -0.67348134382534 963.01947742583 13.3824038231575 27.9714220028035 42.9308645078596
69000 69 0.340000000000002 1.90449925325077 0.793685487591184 0.436059892797847 949.0428786163 13.3918024543098 27.9832749381774 43.0916542625707
70000 70 0.345000000000002 1.79503467993467 -0.034804676696211 0.209139417938166 1018.23379289055 13.3549028216255 27.9603372243565 43.2524440172818
71000 71 0.350000000000002 1.82926347069211 0.0331137010122843 -0.0600211014684836 1013.55018138989 13.3575407107458 27.8338186604677 43.4132337719929
72000 72 0.355000000000002 1.9158476055002 0.0124635779624861 -0.0255157334462668 1035.55981841019 13.3693801770264 27.7511224631331 43.574023526704
73000 73 0.360000000000002 1.40681077140397 -0.594538686595921 -0.691308966319883 971.796692772633 13.3290195928122 27.6680648529409 43.734813281415
74000 74 0.365000000000002 1.80812772451205 0.111677744262186 -0.590170771133109 1041.27411806287 13.2678245448964 27.7139886548094 43.8956030361261
75000 75 0.370000000000002 1.95898186804939 -0.132536288826131 0.12734191617691 1054.55092459758 13.2121087034 27.7907038759083 44.0563927908372
76000 76 0.375000000000002 1.58027362233972 -0.355058966875643 -0.66213779918743 1011.27047564394 13.2501654694285 27.5233023988737 44.2171825455483
77000 77 0.380000000000002 2.26834840677878 0.0884428959985184 0.159051199618541 966.97352391942 13.1625557329661 27.7321743234761 44.3779723002594
78000 78 0.385000000000002 1.92227831723341 0.272897973676707 0.136543204081057 1008.40656349855 13.1795129365108 27.6058528886207 44.5387620549705
79000 79 0.390000000000002 0.880366459661177 0.00636843395926504 -0.513868504986521 985.997692585089 13.0761780017641 27.5631119669407 44.6995518096816
80000 80 0.395000000000002 1.23014459575567 0.0203231581131449 0.271808113257041 965.830244770615 13.0960831531556 27.502112215853 44.8603415643926
81000 81 0.400000000000002 0.646110531010618 0.0622623018845399 -0.185566938680093 961.366450840924 13.1497259703143 27.2465278555387 45.0211313191037
82000 82 0.405000000000002 0.678666615886305 0.368442626742673 0.537561843450823 1023.44466328291 13.0923591881904 27.2980880883017 45.1819210738148
83000 83 0.410000000000002 0.922375215694401 -0.0335570168780119 0.672352630073258 992.880241597223 13.134018057328 27.1072987535119 45.3427108285259
84000 84 0.415000000000002 0.890455368174027 -0.265103262072348 -0.26646901014336 1025.51534738417 13.2592914720618 26.7526029673206 45.503500583237
85000 85 0.420000000000002 1.9198318709645 0.0670960558825488 -0.237245769725745 1003.00963009886 13.2867631111193 26.634286483038 45.6642903379481
86000 86 0.425000000000002 1.86305243499231 0.522247649413754 0.692743257409785 1009.59047040143 13.2595913443928 26.6955959936046 45.8250800926591
87000 87 0.430000000000002 2.38884343515645 0.716798164724533 -0.0248675237661305 1019.93283136167 13.3241914620452 26.4476014923556 45.9858698473702
88000 88 0.435000000000002 2.40192987736314 -0.412096177504138 0.412067982988193 959.342778599335 13.1684308718604 26.7501277753561 46.1466596020813
89000 89 0.440000000000002 2.40248618814256 0.189753699461907 -0.140448549277642 1012.93450741377 13.1902377494515 26.5594906219476 46.3074493567924
90000 90 0.445000000000002 2.34956387583909 -0.278238116269294 0.282345236203213 1036.08237798182 13.1476018580554 26.5822555421871 46.4682391115035
91000 91 0.450000000000002 1.69418415737355 -0.164832638317758 -0.108412223495294 1023.46412994103 13.1639335395957 26.4269613418975 46.6290288662146
92000 92 0.455000000000002 2.81008705994518 1.03869321730179 0.606566677109856 1008.69224442951 13.195714647707 26.3882144410899 46.7898186209257
93000 93 0.460000000000002 1.98185248434453 -0.647395043282396 -0.150975135818935 1033.51336775974 13.0453371977385 26.403382585014 46.9506083756367
94000 94 0.465000000000002 1.27882096669435 -0.603206035569821 -0.308001837377274 1025.80345973157 13.057934741746 26.2328851856228 47.1113981303478
95000 95 0.470000000000002 1.48394177484238 -0.262591795579345 0.219268297829889 962.937612643132 12.9994360755691 26.2894191123168 47.2721878850589
96000 96 0.475000000000002 2.6885951160845 0.615265979352271 0.652663265065183 1026.05391001161 13.0656225497071 26.2552828729327 47.43297763977
97000 97 0.480000000000002 1.58135824420482 -0.317851133308654 -0.41549080541026 981.539621759967 13.0131829964649 26.0562215432464 47.5937673944811
98000 98 0.485000000000002 1.82671458092126 0.133473174775989 -0.0513382257812092 995.266510930216 13.0811915296339 25.9174716334171 47.7545571491922
99000 99 0.490000000000002 2.34075306121869 0.258775257469792 0.287443013014633 997.085271856055 12.9769437687877 26.0464033361772 47.9153469039033
100000 100 0.495000000000002 2.43151095294508 -0.0456099770333397 0.172966761643233 1041.30967023842 12.9477186980629 26.0313925946318 48.0761366586143
101000 101 0.500000000000002 2.14390774239809 0.110873300749298 -0.0948803437368803 1013.01495543686 13.0100379548619 25.8092755978074 48.2369264133254
