step time_ps strain stress_z_GPa stress_x_GPa stress_y_GPa temp_K lx_A ly_A lz_A
1000 1 4.77994829874165e-16 -0.569135160478983 -0.572679103977084 -0.895337351749461 983.859027175862 14.865108763219 14.865214997489 29.7301431459899
2000 2 0.00500000000000049 0.194724028510861 -0.162912394222985 0.773910671739124 939.688113699175 14.8236359258916 14.9022950042222 29.8787938617199
3000 3 0.0100000000000005 0.678976329101069 0.718371075026445 -0.0438077749382273 1026.25347614391 14.9381767087595 14.7932608630509 30.0274445774498
4000 4 0.0150000000000005 1.00081293404171 0.900221657791237 0.156786027827748 1018.37719553932 14.9114588854486 14.7757639191614 30.1760952931798
5000 5 0.0200000000000005 1.09116913070901 0.103856311821224 0.522485931076412 1049.28699856024 14.9444471801627 14.7297234195564 30.3247460089097
6000 6 0.0250000000000005 0.393759395452136 -0.0198776624648028 -0.259898543481772 986.017541192321 14.5857103987059 14.9677748281801 30.4733967246397
7000 7 0.0300000000000006 0.429367280989491 0.84464715626946 -0.345867471621055 950.943164477614 14.9898833979072 14.5527752113469 30.6220474403696
8000 8 0.0350000000000006 -0.601458811903767 0.0844741886808369 -0.350168048832558 972.548989403991 14.8188344073374 14.6266185914434 30.7706981560996
9000 9 0.0400000000000006 1.6503905579792 0.958538417698344 1.79409496856971 987.107874138912 15.1951576591624 14.3071841546016 30.9193488718295
10000 10 0.0450000000000006 0.358700101818983 0.338606052087917 -0.981896393198082 1022.99766833637 15.0602533741698 14.2460512998007 31.0679995875595
11000 11 0.0500000000000005 -0.501252898735931 0.508681884264588 0.513895806700689 1046.76186537486 15.0925040336884 14.2168006447179 31.2166503032894
12000 12 0.0550000000000005 -0.394776896976383 -0.0445772427244658 -0.355539975723537 1045.53996269884 15.0795870743007 14.1093717159752 31.3653010190194
13000 13 0.0600000000000005 1.1127096862259 0.461634304899937 -0.170617001732785 971.668670685065 15.1417139296078 14.0339539749993 31.5139517347493
14000 14 0.0650000000000005 -1.48792177003274 1.7725710666733 1.00054310499426 1046.50350656229 15.1365428421399 13.9779491589885 31.6626024504793
15000 15 0.0700000000000006 0.965156228521479 0.369458105808643 0.442739178905872 1002.59913203555 15.0427444228613 13.9030743856031 31.8112531662092
16000 16 0.0750000000000006 -1.02878682473973 -0.991679715051377 0.936245234354935 1006.14878718356 14.9075092700327 13.9363247363145 31.9599038819392
17000 17 0.0800000000000005 -0.377187196224365 -0.243653950837486 0.937031352656594 1021.33543958982 15.2137135052975 13.5853809948565 32.1085545976691
18000 18 0.0850000000000005 0.868455860642606 -1.55520776611443 -1.02806148774075 1015.30548694832 15.1126585427285 13.6587638508406 32.2572053133991
19000 19 0.0900000000000005 1.3858371122153 -0.537590136683054 0.0164392307269749 1031.80856327977 15.198268001953 13.5817481958977 32.405856029129
20000 20 0.0950000000000005 -1.6959994756532 -1.28059413221927 1.1711456737376 981.658265597131 14.9558389074442 13.6285855087257 32.554506744859
21000 21 0.100000000000001 -2.9976087712802 1.48639895980811 -0.530001077601914 1024.62480347473 15.0617618395541 13.4735810634682 32.7031574605889
22000 22 0.105000000000001 0.327063660495503 -0.640885895748039 1.62999262084028 1011.54737387936 14.9772189775854 13.5337986361171 32.8518081763189
23000 23 0.110000000000001 2.14454037183374 -0.706897543888057 -1.11178913778156 1023.77018912655 14.9661926964209 13.3945863538411 33.0004588920488
24000 24 0.115000000000001 -1.7078776110788 -0.463763800076473 1.41025908397465 1004.67366275046 14.7148411120097 13.5879503402937 33.1491096077788
25000 25 0.120000000000001 0.270117507165752 0.286656847973578 1.11747173826474 993.178394417171 14.755549361457 13.616414283617 33.2977603235087
26000 26 0.125000000000001 -1.06478311413447 0.592296793740733 -0.906307778453247 1012.01324745963 14.6229236626577 13.6310050257588 33.4464110392387
27000 27 0.130000000000001 2.96481572992662 4.33461985443858 0.806282789946418 1048.78381302707 14.680493285366 13.586715070032 33.5950617549686
28000 28 0.135000000000001 1.0148313956107 1.33025760334404 -0.282354117210662 992.970292855534 14.9751560198901 13.2294968778057 33.7437124706986
29000 29 0.140000000000001 2.7628245748228 2.1879100734336 -0.250823079811457 1033.64962133376 14.8867719941024 13.1752666833911 33.8923631864285
30000 30 0.145000000000001 1.28177451758788 -0.0727236026625202 -0.239522534802423 989.148674024765 14.8317589991299 13.1728599078158 34.0410139021585
31000 31 0.150000000000001 5.71508871308082 -0.64982217257782 1.59906765713626 993.551231868261 14.7736430254459 13.1833427343701 34.1896646178884
32000 32 0.155000000000001 -1.30625671770793 -1.94070205132881 -4.60599934714735 1044.1351533031 14.7772431513424 13.1120335952218 34.3383153336184
33000 33 0.16 -0.569758794837766 -3.1128401995624 -2.84692253865564 962.599796393382 14.8334504344417 12.9561777025087 34.4869660493483
34000 34 0.165 1.63458644530225 -1.45959196501867 -1.60397531973111 1010.06890850982 14.8749304083458 13.0004825341365 34.6356167650782
35000 35 0.170000000000001 -2.64598043931165 -3.11422737460382 -6.50075660443318 1016.60972396773 14.89417975467 12.8294683563658 34.7842674808082
36000 36 0.175 -1.62959275360804 1.63687691639493 1.0850592203435 962.251232701284 15.1217969793896 12.661828420974 34.9329181965381
37000 37 0.180000000000001 5.82386854042253 2.20336845704661 2.51545360685335 980.066874252625 14.9423535743441 12.7499090083854 35.0815689122681
38000 38 0.185000000000001 0.769546314016612 -0.714094532479714 -0.262257204408798 1066.221523263 15.0632852059684 12.5765711115149 35.230219627998
39000 39 0.190000000000001 -1.53903857873262 0.365310475354169 -4.13372293460378 946.954302373797 14.8641161513633 12.6827810119475 35.378870343728
40000 40 0.195000000000001 1.19417096552115 -0.462310433448354 -0.967866425826068 1047.97838035033 14.8255686696464 12.6501336018792 35.5275210594579
41000 41 0.200000000000001 1.07084777801697 3.09670377722892 3.56302316718276 1004.53850116107 14.916834651193 12.6010004141458 35.6761717751879
42000 42 0.205000000000001 -0.951385614873328 -0.22114161500488 -1.09324556741203 1015.50478608549 15.0177445847226 12.3700070328349 35.8248224909178
43000 43 0.210000000000001 2.60473818374228 -0.0147469321392857 -0.944603339936775 986.246888206264 14.9766353532073 12.4286020908452 35.9734732066478
44000 44 0.215000000000001 2.39952139100397 -0.931060855736817 5.59625528867241 1028.34146957798 14.8833444078288 12.5233072466911 36.1221239223777
45000 45 0.220000000000001 0.372938821982494 -0.405391616862499 4.46884852100377 1013.55376680871 14.6336614372224 12.6007796822259 36.2707746381077
46000 46 0.225000000000001 3.03241047414234 0.260078685662523 1.90575820880884 976.417690227574 14.6597451349751 12.5299911264575 36.4194253538376
47000 47 0.230000000000001 3.7005508623163 -0.141082158896346 0.0759261123271508 1046.97571327757 14.6674993533204 12.4163861967349 36.5680760695676
48000 48 0.235000000000001 2.67495260625108 -2.3619847411978 -0.428065044308659 976.446815019289 14.6577804500737 12.4147491975368 36.7167267852975
49000 49 0.240000000000001 0.123514070311497 -0.339569771701701 2.68761062380877 1021.32462470303 14.5009462015535 12.4805375718213 36.8653775010275
50000 50 0.245000000000001 -3.80066905128952 -1.05871605899963 0.16669350872549 990.099013759726 14.499980088409 12.3189641667843 37.0140282167574
51000 51 0.250000000000001 -3.39400402935953 0.0281399685867989 0.981429207434622 992.053277807075 14.4830768716566 12.3947916267297 37.1626789324874
52000 52 0.255000000000001 2.73249712193836 -1.8238245531418 3.25379007765955 1013.23275029403 14.2356198301562 12.5954556069064 37.3113296482173
53000 53 0.260000000000001 1.56813348964136 3.98022835121924 1.09835706410446 1006.40517323768 14.3567957478245 12.4822964365403 37.4599803639473
54000 54 0.265000000000001 1.76594201275736 0.899136748042708 1.11083681507017 941.385432056601 14.1694551974554 12.4982805274055 37.6086310796772
55000 55 0.270000000000001 2.73045453615857 -1.57771530217251 -0.159923083703464 1029.56313341145 14.2271557931386 12.4027537838272 37.7572817954072
56000 56 0.275000000000001 5.15871827956845 0.14644759038817 3.37429106927935 1050.35219306685 14.1863879731932 12.3922828477743 37.9059325111371
57000 57 0.280000000000001 3.37464597632146 2.95783463691892 4.11565785357785 1002.0967637348 14.1896520398779 12.4070940066281 38.0545832268671
58000 58 0.285000000000001 2.07619609319241 1.97386047523656 -0.797786368248026 1022.19457351641 14.0280905724875 12.4008850086147 38.203233942597
59000 59 0.290000000000001 1.90649264838203 1.18709191388981 1.58714191003385 1039.45832444999 14.0634759206706 12.3755462462817 38.351884658327
60000 60 0.295000000000001 -1.10273243422371 -1.75845482037146 -2.31253683622783 985.799462444853 13.932001081515 12.3868639244672 38.5005353740569
61000 61 0.300000000000001 -1.80754235571099 -3.72347869977407 -3.42285393965839 1101.26840289228 13.8927045022945 12.3641463908079 38.6491860897869
62000 62 0.305000000000001 0.330936185567401 -1.48341960764497 -1.66101317848789 1033.42222093976 13.831453058581 12.4453389142121 38.7978368055168
63000 63 0.310000000000001 1.95400609383157 4.66531056305959 1.8646878742504 991.82275550222 13.8404351400902 12.4275443735613 38.9464875212468
64000 64 0.315000000000001 2.33505349350528 0.645504264003765 2.36702944216911 1023.78128931278 14.0538458129566 12.2061636620651 39.0951382369767
65000 65 0.320000000000001 3.6577933646325 4.16227438242639 1.38624347021506 979.125926921538 13.962740778656 12.1800145371802 39.2437889527067
66000 66 0.325000000000001 -0.240708082218589 2.30549823662094 0.409907057552832 1037.76534127779 13.8470391413062 12.2181702808989 39.3924396684366
67000 67 0.330000000000001 3.50716597183943 -2.28788475966882 -1.22894835177873 1111.47718885052 13.6969217918004 12.3351942915281 39.5410903841666
68000 68 0.335000000000001 3.0434749818512 0.586874064289933 0.890579215715191 1097.11474918728 13.7766748624423 12.186354972431 39.6897410998965
69000 69 0.340000000000001 -4.55414945704116 -1.76337841141556 -1.50853247491282 993.306454888756 13.6012251515915 12.2393838653081 39.8383918156265
70000 70 0.345000000000001 1.88181141765174 4.25665217102865 3.10566708335776 1044.00578212597 13.5735819841982 12.3021216351936 39.9870425313564
71000 71 0.350000000000001 -5.75791386891289 0.470790727883519 -2.69799009448676 977.63048857767 13.4293864916653 12.3201122921034 40.1356932470864
72000 72 0.355000000000001 6.95495046378445 -2.85867471746284 3.90276030142845 990.02833013736 13.3719184633929 12.3037566190561 40.2843439628163
73000 73 0.360000000000001 -0.95133876921289 2.85379770286917 0.92847097593138 985.099086259962 13.394684733594 12.3034747501762 40.4329946785463
74000 74 0.365000000000001 1.97637708940592 -1.39576943787543 0.741967005637753 996.354469935039 13.2524694238021 12.4180142147675 40.5816453942762
75000 75 0.370000000000001 6.33788581123415 2.43995589941829 0.575271127125382 973.290714988872 13.2069071706508 12.3963376259813 40.7302961100062
76000 76 0.375000000000001 4.96627882742243 -1.61135019560259 0.983805124866568 1065.92212423811 13.1023356743844 12.4158428982331 40.8789468257361
77000 77 0.380000000000001 3.68159211172337 -1.04840784385551 -1.18101795961638 981.572753400526 13.1120993888936 12.4393047840424 41.0275975414661
78000 78 0.385000000000001 -2.26450666144606 0.495710326136319 -2.73610456611081 1004.6927414252 13.0951376883646 12.3120931899135 41.176248257196
79000 79 0.390000000000001 0.881491475964835 -1.3191558147346 1.85640051843469 1005.25305952727 13.0017575167323 12.4278828850816 41.324898972926
80000 80 0.395000000000001 1.81600176852677 -1.96526265803309 -1.05204512428199 1028.56135769717 12.9721869885859 12.3194542483982 41.4735496886559
81000 81 0.400000000000001 0.635595138075102 1.27230242077759 2.00996593754929 1022.87554932171 12.9754418583676 12.3684268095759 41.6222004043859
82000 82 0.405000000000001 -1.21716131895407 5.36109426950821 2.78509069854467 1015.50694901619 12.9183094679621 12.3926956147313 41.7708511201158
83000 83 0.410000000000001 -0.0361983310680264 0.848926538027121 0.613531285433118 985.784306790133 12.9157152830301 12.3532582559084 41.9195018358458
84000 84 0.415000000000001 1.9392925742089 2.8937434192647 0.896761763489533 996.474024787785 13.0465388134201 12.1766213761107 42.0681525515757
85000 85 0.420000000000001 -0.452228015063747 1.50533106644309 0.0886547064724401 1045.34701024788 12.8250269580651 12.3202325743447 42.2168032673057
86000 86 0.425000000000001 0.7054855372063 1.03525936732341 -0.101608726678748 959.836793823448 12.8853167860746 12.1341570902122 42.3654539830356
87000 87 0.430000000000001 0.0476578989449746 3.99278207402504 -1.40203629991548 1011.60575763723 12.8575896025168 12.250071647096 42.5141046987656
88000 88 0.435000000000001 4.47336410834709 2.2196295596471 0.441666564087354 1018.90412640974 12.9360159970926 12.1585498948137 42.6627554144955
89000 89 0.440000000000001 -3.58465391562246 -2.58396451538817 -0.843378282921282 995.049159747386 12.9553512062161 12.1515837451853 42.8114061302255
90000 90 0.445000000000001 -2.22000179332148 -0.854808957964038 -3.19623946719358 983.498523154 12.8289977116504 12.1986518411571 42.9600568459554
91000 91 0.450000000000001 -2.32267704002514 -1.34331477807689 -3.81040539493325 960.972845145972 12.7072741950661 12.2510346753362 43.1087075616854
92000 92 0.455000000000001 3.10267690927459 0.353674152184383 1.87328424601432 965.06773219256 12.6091200463642 12.3767386365646 43.2573582774153
93000 93 0.460000000000001 -2.68767909704545 2.60782345618553 5.14874666909415 956.237996639697 12.519583163025 12.3183959581358 43.4060089931453
94000 94 0.465000000000001 -2.61188114705745 2.09969484196002 1.21661847257983 1022.96304609666 12.5610056977718 12.2707467727699 43.5546597088752
95000 95 0.470000000000001 0.326532152762568 -3.40307348149639 -1.75069073684495 973.388347860403 12.4025863824676 12.3345293817957 43.7033104246052
96000 96 0.475000000000001 -1.86490760840081 3.85518275775667 0.44963426885243 955.788381202917 12.6231933423914 12.1936922397436 43.8519611403351
97000 97 0.480000000000001 -1.72583639896884 1.05127584088964 1.27691575825187 1048.56897445806 12.514920944855 12.2882643347237 44.0006118560651
98000 98 0.485000000000001 5.39641467820605 -3.25337355637794 -2.58696349756617 961.978931136379 12.6574554262057 12.0447987665454 44.149262571795
99000 99 0.490000000000001 -8.07993797724336 -8.2751726387341 -12.105118366421 988.803683106408 12.6167053530163 12.0825060928592 44.297913287525
100000 100 0.495000000000001 7.22190457316003 4.94159472805737 3.70964289020031 941.029517092705 12.7923046629213 11.9127404115247 44.4465640032549
101000 101 0.500000000000001 2.0169613861827 3.91530562595519 0.691649287218286 936.572650008804 12.6689203369281 11.999204709161 44.5952147189849
