step time_ps strain stress_z_GPa stress_x_GPa stress_y_GPa temp_K lx_A ly_A lz_A
1000 1 -4.24830343370827e-16 -0.994536881451631 -1.20245032108484 -0.32301448581825 983.390966251168 16.2265764034995 8.62055331553873 33.450658449784
2000 2 0.00499999999999944 3.66596847085446 -0.498796730240587 -0.199832748179042 987.485389137246 17.6807487411302 8.05810309767241 33.6179117420329
3000 3 0.00999999999999951 6.58608984895851 0.417071885871709 0.927443475971096 982.12773465126 18.4748657393332 7.75943362508635 33.7851650342818
4000 4 0.0149999999999994 5.72911828655284 0.534654932782012 1.54345218550609 979.201137034501 18.6275074934898 7.73187166640702 33.9524183265307
5000 5 0.0199999999999994 5.64254255295579 1.02326336519256 0.562112164596293 943.326892351648 18.8846260936051 7.5955674479679 34.1196716187797
6000 6 0.0249999999999995 1.88111183807887 -0.779899984263674 -0.366787484650154 1048.6554994658 20.1922893845021 6.96040092449782 34.2869249110286
7000 7 0.0299999999999994 1.40573517059944 0.409636513009042 0.093757758398164 990.102478419743 20.8861137562979 6.68908636087262 34.4541782032775
8000 8 0.0349999999999995 2.64307362197818 -0.00587803360740463 0.196511938588792 1040.03008526789 20.410217196505 6.83241115170991 34.6214314955264
9000 9 0.0399999999999995 2.49745475624339 -0.709619611723984 -0.350011350729789 1010.43085785031 20.7557854166629 6.66653642086781 34.7886847877753
10000 10 0.0449999999999994 0.18289034442455 0.994892893397365 0.0952562167164878 1042.84396274064 21.6330922586529 6.35985767076722 34.9559380800243
11000 11 0.0499999999999995 0.195398087435948 0.301940248607539 0.712583434926163 1015.26768885061 21.3898159964954 6.40488510611434 35.1231913722732
12000 12 0.0549999999999995 1.96790921685971 1.17520359769802 1.37285756687065 1036.75129723782 21.7823377571768 6.27281107285341 35.2904446645221
13000 13 0.0599999999999994 -0.588790895355337 -1.75639391982696 -1.28330237038542 1000.73515335576 21.6958970966892 6.18300407512484 35.457697956771
14000 14 0.0649999999999995 0.189595702926399 0.703598590304819 0.440885720688281 1031.94273751324 21.7995161978696 6.15953166547843 35.6249512490199
15000 15 0.0699999999999993 0.676368472938754 0.372951567318722 -0.131820987541763 1014.78660184293 21.8075305453972 6.12815703486899 35.7922045412689
16000 16 0.0749999999999994 0.833816362675229 0.0731198839030034 -0.227127343792645 963.501213683725 21.8985718254162 6.07007744156094 35.9594578335178
17000 17 0.0799999999999995 2.17389478465468 0.316869742423396 0.0478068863438912 1014.96597470716 21.848513138401 6.07932937733785 36.1267111257667
18000 18 0.0849999999999994 1.60057336176932 -0.55714089023488 0.293348552084868 1087.29821393442 21.7213142189824 6.09828535039746 36.2939644180156
19000 19 0.0899999999999994 1.42323579407611 0.407452464416787 0.0152955158636963 961.670218025697 21.802130738116 6.04055611886078 36.4612177102645
20000 20 0.0949999999999995 2.17554814291017 0.449111604545573 0.19866410876459 982.342731478709 21.9820605988235 5.9999437146388 36.6284710025135
21000 21 0.0999999999999994 2.46783772574671 0.375484642641571 0.55765513946497 935.174824934414 22.0353496884499 5.92340607871282 36.7957242947624
22000 22 0.104999999999999 1.35641254199513 -0.139536660053863 -1.28715388135113 1005.66930117389 22.2219331610753 5.83767267869061 36.9629775870113
23000 23 0.11 2.39674040354218 1.18210780049294 0.647696559766068 987.085461753446 22.3088735711227 5.83713392366422 37.1302308792602
24000 24 0.114999999999999 2.86361666935715 0.410536105768518 0.172905774216287 952.660685919073 22.2280095273759 5.81160490178205 37.2974841715091
25000 25 0.119999999999999 1.23088712746721 -1.24990678219379 -0.0559791517396826 1027.08205309695 22.4171407469245 5.67796041567611 37.4647374637581
26000 26 0.125 0.898602474271824 -0.27800574314639 -0.822788114615633 1021.8812703827 22.5649452406874 5.61559039772236 37.631990756007
27000 27 0.129999999999999 1.27531473320557 -0.636297857512875 0.359969800830537 1010.94675643384 22.6681611111643 5.60072564227089 37.7992440482559
28000 28 0.134999999999999 0.397015595781906 0.670361216915666 0.637284049854392 988.077964448254 22.8825760465646 5.51446444851329 37.9664973405048
29000 29 0.14 0.115331871080189 0.943319675241639 -0.817614698832568 960.521044101135 23.1016406918872 5.39839493237323 38.1337506327537
30000 30 0.144999999999999 1.64196258545403 -0.550693395723434 -1.08539352016969 1068.0989006162 23.0378607782959 5.38863370731971 38.3010039250027
31000 31 0.149999999999999 1.8583360658498 -1.5562096283298 -0.420670382626083 1010.11275421276 22.8147561076773 5.41299442898245 38.4682572172516
32000 32 0.154999999999999 1.76082091380662 -0.117141427730449 0.219843727446259 977.549399176219 22.9813835278357 5.35957464843846 38.6355105095005
33000 33 0.159999999999999 2.42694932188774 0.506202596304647 0.805688838696572 1018.92124551901 23.0436428466753 5.3470326659451 38.8027638017494
34000 34 0.164999999999999 3.41157308817932 0.740782409268596 0.214476712021633 998.638710747338 23.0461038387185 5.31307020627037 38.9700170939983
35000 35 0.169999999999999 1.36835424269994 -0.87730455884743 -1.81521260466503 970.211614885521 22.8380904164944 5.27830266772977 39.1372703862473
36000 36 0.174999999999999 2.30718946295063 -0.0539091755154774 0.196437048109832 1128.27892544173 22.8510073146675 5.30268518692046 39.3045236784962
37000 37 0.179999999999999 4.42363657612216 0.341530204147497 0.60104698257993 992.910333623549 22.916762756146 5.30689140886889 39.4717769707451
38000 38 0.184999999999999 3.44984256762968 0.728805559607601 -0.344968666272474 992.9070195223 22.8326392927249 5.24702631146476 39.639030262994
39000 39 0.189999999999999 4.45668581015082 0.446777888032446 1.53305178411697 998.977831364995 22.7185770615435 5.30848546130727 39.8062835552429
40000 40 0.194999999999999 4.08848602345678 0.995425331582112 -0.237537159748663 1021.6351729167 23.0206838767771 5.20638563249218 39.9735368474919
41000 41 0.199999999999999 4.74827288300095 0.674790260989213 -0.263163536990759 1085.42608747972 22.907873511045 5.21412852717671 40.1407901397408
42000 42 0.204999999999999 4.03506969221539 -0.600781121659063 -1.07332090043315 1017.03776497436 22.7640659260208 5.17862694373929 40.3080434319897
43000 43 0.209999999999999 5.27578501723489 -0.31488805620939 1.36747963969067 1030.286553051 22.6863048472304 5.25225207336608 40.4752967242386
44000 44 0.214999999999999 4.01128483275038 0.412222219384475 0.00287939315334775 962.412302993476 22.6890484264332 5.20200238896557 40.6425500164875
45000 45 0.219999999999999 2.89823293564532 -0.146858608514149 -1.00570545212539 1013.41225854833 22.6063048392265 5.17101133512734 40.8098033087365
46000 46 0.224999999999999 3.06809574117872 0.377418792505477 0.533564036403982 1067.45981970398 22.5501400755623 5.1711856574567 40.9770566009854
47000 47 0.229999999999999 1.38668243949696 -2.30574353168235 -0.772588568125425 1084.53418508434 22.2406152232019 5.16404067455939 41.1443098932343
48000 48 0.234999999999999 1.30357761068572 -1.35678251968482 -0.917811390119123 980.297499302436 22.2475966005039 5.14458483543887 41.3115631854832
49000 49 0.239999999999999 3.45109867066599 -0.0480459999458842 0.356829519429309 1019.29294582964 22.1828298334036 5.18345017250516 41.4788164777321
50000 50 0.244999999999999 2.84649306807837 -0.000554712906327114 -0.595363981341727 982.060896048814 22.2684902908857 5.14229798868344 41.6460697699811
51000 51 0.249999999999999 2.98263054717977 2.01668266336738 -1.31839410997619 1055.72856474519 22.4210630929377 5.09563983646896 41.81332306223
52000 52 0.254999999999999 2.45568800508994 0.287384395529972 0.68144948947301 1028.73069658504 21.8862147465597 5.17983031808845 41.9805763544789
53000 53 0.259999999999999 1.91760384059284 0.0895623784878571 -0.261983522788817 932.180926765547 22.1034536564069 5.11153027869467 42.1478296467278
54000 54 0.264999999999999 0.567990206868697 -1.13909876799869 -0.0517969679150685 1029.69474316479 21.662550155209 5.15943743131321 42.3150829389767
55000 55 0.269999999999999 2.51931196680737 0.152355530762311 -0.120505123823652 1018.22896692861 21.8591047171338 5.1285457937109 42.4823362312257
56000 56 0.274999999999999 -0.163947424590456 0.286165749878933 0.454319234338811 962.362323398123 21.4860081934759 5.17606004290746 42.6495895234746
57000 57 0.279999999999999 -1.94055193096392 -0.952504624656722 -0.0334332399640003 965.511341399204 20.9445101682397 5.24687916376401 42.8168428157235
58000 58 0.284999999999999 -1.0794055822405 0.757388470041407 -0.151922680735893 920.692207035509 21.0537953161494 5.20579041280964 42.9840961079724
59000 59 0.289999999999999 -0.890453533090235 0.0664613693846464 0.272123374157434 1031.60984024138 20.919577368233 5.23396941667779 43.1513494002213
60000 60 0.294999999999999 -1.92197410576973 -2.04844430276827 -2.21487775796491 961.774205824398 20.7949219064561 5.15563191289286 43.3186026924703
61000 61 0.299999999999999 0.0707348205455453 -0.181563343382339 -2.50843852339014 1030.84098268818 20.8657408107427 5.17223466501203 43.4858559847192
62000 62 0.304999999999999 0.87304310366015 -0.0615215189485822 0.81102867811735 1059.70632022593 20.7273744904803 5.2180287312203 43.6531092769681
63000 63 0.309999999999999 0.0374238913792355 -0.62597972327787 -1.9405317834347 1011.09692671183 20.7279784571242 5.17486299817756 43.820362569217
64000 64 0.314999999999999 1.39451126913116 -0.205320082525273 -0.126578750379972 1049.83356350489 20.6342961272277 5.18651543610424 43.9876158614659
65000 65 0.319999999999999 1.85158009055105 -0.360701064021687 -0.171099292821381 1051.61562299452 20.5862920455322 5.19422306421953 44.1548691537149
66000 66 0.324999999999999 0.921241464594102 0.0460180379704679 -0.190747417141618 1009.09442011406 20.4422863389411 5.20693069886402 44.3221224459638
67000 67 0.329999999999999 2.30186536749258 1.14093546993974 0.0228500326737055 973.231268390223 20.6699106666422 5.16518360202931 44.4893757382127
68000 68 0.334999999999999 1.12253268707746 -0.304197999898664 0.211744179447235 1029.65490293284 20.3783900581425 5.1993882120442 44.6566290304616
69000 69 0.339999999999999 0.405088098285172 -0.775799425032136 0.215905097181608 1022.06746370201 20.1866051430179 5.19066041099526 44.8238823227105
70000 70 0.344999999999999 1.51743648365623 -0.307400464675872 -0.815428766097997 983.139752875637 20.2712445196212 5.17304715919086 44.9911356149595
71000 71 0.349999999999999 1.77058578504541 0.140873605285194 0.462217363207683 995.429609278972 20.2349391478428 5.17664621337836 45.1583889072084
72000 72 0.354999999999999 0.669092004275804 0.405027435862891 1.74563993012062 1069.09620524907 20.0136025521181 5.22390516197581 45.3256421994573
73000 73 0.359999999999999 -0.044286453600737 -0.502611447550864 0.227337560929279 919.402188088062 19.9204387367758 5.19037695412151 45.4928954917062
74000 74 0.364999999999999 0.194791989570228 -0.278206955553083 0.169778954842094 978.258471885074 19.7571512506308 5.21007576236497 45.6601487839551
75000 75 0.369999999999999 0.235383855740652 -0.603549936387397 -0.782091519178062 907.385707152643 19.4934769314548 5.2663688256429 45.8274020762041
76000 76 0.374999999999999 0.824693595417723 -0.458638839868493 -0.160746834866357 1068.19181867433 19.3992843603204 5.27413692435598 45.994655368453
77000 77 0.379999999999999 2.00492572114118 0.819581043170164 1.15095676121965 925.784964740683 19.4599979624386 5.26150294967565 46.1619086607019
78000 78 0.384999999999999 0.014430481973807 -1.45567382556928 -2.10971532842798 1070.78291044664 19.2651782042259 5.25434507480653 46.3291619529508
79000 79 0.389999999999999 -0.122795916647807 -1.38479956085345 -1.1886989323927 982.619544711448 19.3736561423427 5.20837507259502 46.4964152451997
80000 80 0.394999999999999 2.10693196165492 0.673320764853953 0.134101784409026 974.600327863513 19.2502558741429 5.27923391697186 46.6636685374487
81000 81 0.399999999999999 3.28127342322605 0.603450725738903 1.2970299469707 977.938728775954 19.1855453468496 5.28506211233561 46.8309218296976
82000 82 0.404999999999999 1.54588823449569 -0.912250670534718 0.554195177329366 946.483610839746 19.0791349941277 5.25448175368696 46.9981751219465
83000 83 0.409999999999999 1.67596967238503 -0.593959346304068 -0.0478422132705463 968.381880403181 18.9752924178416 5.28325296305297 47.1654284141954
84000 84 0.414999999999999 1.56563665805154 -1.8290940482818 -0.761135598196058 966.281323046044 18.727481023386 5.29975005712823 47.3326817064443
85000 85 0.419999999999999 1.96213443530159 -0.0718319032429648 0.379019677663718 944.081390917233 18.6528557338894 5.34291126207446 47.4999349986933
86000 86 0.424999999999999 0.722052423525708 -0.759721351970159 -0.272756659818816 965.846684780188 18.6633704012417 5.30789092900002 47.6671882909422
87000 87 0.429999999999999 2.70553372223943 0.221864044422958 -0.0102106672866249 966.980724445101 18.723519816958 5.28527550082267 47.8344415831911
88000 88 0.434999999999999 1.33734350028323 -0.37447195894825 -0.0737517164452256 1119.9386090938 18.7458891330287 5.2755595130884 48.00169487544
89000 89 0.439999999999999 1.29273388877781 0.476603398134462 0.359215978268162 1048.82009769729 18.7209685303022 5.26464169547399 48.1689481676889
90000 90 0.444999999999999 1.81068324544264 -0.0534511609119818 0.702797995910281 1034.70926417913 18.528090666354 5.32490339757065 48.3362014599379
91000 91 0.449999999999999 0.0208099834064271 -1.3270915536832 -0.941945532625682 1048.66573795296 18.2402032521818 5.30278795683082 48.5034547521868
92000 92 0.454999999999999 1.16462859557261 -1.21321513275794 -0.884194381531033 887.44776034398 18.4939661802243 5.23687992307399 48.6707080444357
93000 93 0.459999999999999 1.39948868867672 0.236010137835165 -0.182345149055522 964.377436682587 18.5397139154262 5.22366298923022 48.8379613366846
94000 94 0.464999999999999 2.20617777506799 2.10389849969668 1.11406620356443 972.145235954583 18.369002150563 5.28369801810211 49.0052146289335
95000 95 0.469999999999999 0.425801564697729 -0.829955666610767 0.143869701691529 1012.32199456419 18.042038755757 5.32496460201621 49.1724679211825
96000 96 0.474999999999999 -0.00685335171879729 -0.734996250111364 -0.569391404322624 1091.70889608774 18.2544238838004 5.24342230670454 49.3397212134314
97000 97 0.479999999999999 2.20693794265276 0.281624461477152 0.11659919374063 954.239891962007 18.2020083211916 5.26552870337953 49.5069745056803
98000 98 0.484999999999999 1.74969634769295 1.32653312939219 1.03082111724101 1061.85889332151 18.2385945459458 5.24485669395557 49.6742277979292
99000 99 0.489999999999999 2.69277255382529 1.12932841057974 1.91800190812481 1063.80024635207 18.023645209514 5.29596754079785 49.8414810901781
100000 100 0.494999999999999 0.386758476523046 -0.80443278328038 -0.49878876109701 1027.89896843484 17.9835471055983 5.23748547742949 50.0087343824271
101000 101 0.499999999999999 1.12594145949639 -0.440687265437154 -0.10580265445585 956.114132066863 18.0261467285426 5.24375858039403 50.175987674676
