step time_ps strain stress_z_GPa stress_x_GPa stress_y_GPa temp_K lx_A ly_A lz_A
1000 1 -3.64059575298642e-16 0.666916040393065 -0.292493624354123 -0.439967673197491 296.896983868453 15.142860656065 15.0156463678395 78.0688419116278
2000 2 0.00499999999999961 0.507078007302608 0.0412775621987182 -0.2092906643307 316.536314531579 15.1274241597967 14.9899927844757 78.4591861211859
3000 3 0.00999999999999958 0.797136683855285 -0.171534583009444 -0.0855999129087692 304.474205961439 14.99236984693 15.0530777610734 78.849530330744
4000 4 0.0149999999999996 0.640178763896762 -0.134910351708717 -0.0518444412774733 290.047059016303 14.9708468190965 14.9690345995965 79.2398745403022
5000 5 0.0199999999999995 1.09884139441417 -0.0204136875576835 0.177953604630917 307.15952030425 14.9168715521814 14.9816793659425 79.6302187498603
6000 6 0.0249999999999995 1.02925499027379 -0.104519408650515 -0.00391752040556381 298.868690578652 14.8639379622665 14.9464124071514 80.0205629594185
7000 7 0.0299999999999995 1.2485037817968 0.224454618046986 0.192210245923286 284.301668711305 14.824615760625 14.9308422999328 80.4109071689766
8000 8 0.0349999999999996 1.49798037388811 0.509927065047187 0.185023807676017 305.522839087681 14.8172096908655 14.8784762623895 80.8012513785347
9000 9 0.0399999999999996 1.40059408871585 -0.2096605805183 -0.045433599986651 311.117662693707 14.7188340373134 14.8764776650046 81.1915955880929
10000 10 0.0449999999999996 1.43126673663695 -0.174366772691319 -0.505817110172213 302.659302585229 14.6960955612465 14.8181624953795 81.581939797651
11000 11 0.0499999999999995 1.26431562608506 -0.460680460525175 -0.091082089410177 300.161912091549 14.5986723889171 14.8419028054066 81.9722840072092
12000 12 0.0549999999999995 1.77663092659854 -0.0328510383254089 0.100604945278457 308.545604309383 14.6436467654262 14.7718768775732 82.3626282167673
13000 13 0.0599999999999995 1.78923106907995 0.125693571118342 0.0801804761398545 293.744488526013 14.622089837995 14.7148304092099 82.7529724263254
14000 14 0.0649999999999995 2.01286407392234 -0.24925511928889 -0.0802268102260624 293.725518557797 14.6021298460792 14.6733172872536 83.1433166358836
15000 15 0.0699999999999996 2.11030510974094 -0.139604373128454 -0.293548813890249 308.000243416019 14.5959659673671 14.6110439374067 83.5336608454417
16000 16 0.0749999999999996 2.68495532392668 0.358217063121322 0.255262936606585 297.473490263184 14.5889227317869 14.606635504504 83.9240050549999
17000 17 0.0799999999999996 2.45430020278739 -0.34138231238343 -0.252694710741448 304.78258020007 14.5217649402769 14.5581093958454 84.314349264558
18000 18 0.0849999999999995 2.82903530851432 0.150267505389444 -0.0795673364522144 299.394472560238 14.5451912149607 14.5086214467101 84.7046934741161
19000 19 0.0899999999999995 3.06694942654866 0.273303453883814 0.206168300714127 295.292044140124 14.4928236308303 14.5099254949657 85.0950376836743
20000 20 0.0949999999999995 3.10253455132773 0.0798847457659102 -0.261866674910878 305.200587334177 14.480906905747 14.4451040787648 85.4853818932324
21000 21 0.0999999999999995 2.7674284137787 -0.155373899578338 -0.324720476278914 302.2688031689 14.4500585899263 14.3897908487795 85.8757261027905
22000 22 0.104999999999999 2.73020546434273 -0.0556208865351333 0.127224991678692 302.221162060145 14.3729873253911 14.4247987419296 86.2660703123487
23000 23 0.11 3.0181785124538 0.212264444133554 -0.00598126612255045 299.941603079352 14.3310223762374 14.431894110063 86.6564145219068
24000 24 0.115 2.86687322625702 0.192699369350137 0.360276869014572 305.987202536553 14.2682228331122 14.4258303199416 87.046758731465
25000 25 0.12 2.34008267674447 -0.101725748499934 -0.0265569243421393 301.468647431138 14.2369286900307 14.3625822004896 87.4371029410231
26000 26 0.125 2.37189256364826 0.1113286119981 -0.174351518437643 295.774299995379 14.229622221643 14.2950737171209 87.8274471505812
27000 27 0.129999999999999 2.31386540977523 -0.0204273683780152 -0.031283846744142 297.879929152143 14.2090707341133 14.2501363499069 88.2177913601394
28000 28 0.134999999999999 1.77752589813852 0.0886526038875757 -0.141763750813341 309.257412026178 14.1990816413279 14.1805265022947 88.6081355696975
29000 29 0.14 1.94815782300162 0.0931828337141621 -0.242040886840354 303.739129681874 14.1232668517748 14.1846754898569 88.9984797792557
30000 30 0.144999999999999 1.93846657902322 0.233406904139563 -0.0732448558400089 301.802258431912 14.1590095807266 14.090594080598 89.3888239888138
31000 31 0.15 2.28085913033402 0.335202787159528 -0.00820623767782264 308.218758561639 14.1544979386338 14.0679424618344 89.7791681983719
32000 32 0.155 2.35499936369333 -0.00331045873303149 -0.177733738742542 299.619023757384 14.1229024947136 14.0126019957306 90.1695124079301
33000 33 0.16 2.06350417833065 -0.130612078697837 -0.298517712566957 300.428806321715 14.1154331634959 13.9389918681092 90.5598566174882
34000 34 0.164999999999999 1.99084754284387 0.0979843728652543 0.255233002606901 289.726187195858 14.0533847871635 13.9720295684278 90.9502008270463
35000 35 0.169999999999999 2.17084372964008 0.0681634699576342 0.195488894276337 316.118020937353 13.9920931943925 13.9757261261699 91.3405450366045
36000 36 0.175 1.79802318678607 -0.101027943913144 -0.191406844311504 300.114300399223 13.9274090067225 13.9351873621351 91.7308892461626
37000 37 0.179999999999999 2.47260076967223 0.261022707644502 0.192729280509541 302.860034156926 13.8332754140434 14.0163021950837 92.1212334557208
38000 38 0.185 1.91492548671356 -0.0433578627748765 0.18853839999475 295.814590186347 13.7543503517227 14.0032187133609 92.5115776652789
39000 39 0.19 1.86915135506189 0.173021954863726 0.453347530618727 299.218745327545 13.732781494151 13.9812837692589 92.901921874837
40000 40 0.194999999999999 2.18972639522969 -0.0178379446250896 0.167130344197711 293.152414639986 13.7228857178465 13.912470511231 93.2922660843952
41000 41 0.199999999999999 1.89008139616401 -0.380997196483631 -0.33576930586936 299.797362372566 13.6700804818864 13.8963423647058 93.6826102939533
42000 42 0.204999999999999 2.15686991793635 0.0834738785592281 -0.205398214282725 303.432002552973 13.6962943589367 13.8199123797927 94.0729545035115
43000 43 0.209999999999999 2.1074357322873 0.196557554846508 0.0161358773155284 294.434098142684 13.6527062558635 13.8460351614617 94.4632987130696
44000 44 0.214999999999999 2.08648773230083 -0.118815513285204 -0.320318962984111 284.47009450119 13.6575155822618 13.7494801389393 94.8536429226277
45000 45 0.22 2.05054036501175 -0.250690699063873 -0.138637701543524 317.922683464886 13.5822861139824 13.7699416477547 95.2439871321859
46000 46 0.225 2.04872966552519 -0.231915264638245 -0.462520249893844 296.198197524974 13.5910949175907 13.7009365589259 95.634331341744
47000 47 0.229999999999999 2.08271256388775 -0.163856871763333 -0.181060467117627 293.010281838215 13.5386481888546 13.7105763093389 96.0246755513022
48000 48 0.234999999999999 2.30547189461174 0.00851435283017432 0.184080750390738 305.141158934887 13.5282973566168 13.6885125216782 96.4150197608603
49000 49 0.239999999999999 2.14527019453247 -0.0912076877392035 -0.305125484027295 301.9069102228 13.4732304880429 13.6564384639029 96.8053639704184
50000 50 0.244999999999999 2.35663054488819 -0.253604708344865 0.038894097616347 310.145515636411 13.4231132397765 13.6837494139758 97.1957081799766
51000 51 0.249999999999999 2.22437071631293 0.0207299551770736 -0.0319372375383215 303.447886929599 13.4345524732191 13.6063501809384 97.5860523895347
52000 52 0.255 2.18682632128701 -0.0748207537427606 0.0826582790692068 307.309130594485 13.4230618315646 13.5697979206342 97.9763965990929
53000 53 0.26 2.58159258272568 0.400168703370983 0.134910384004551 297.550031931948 13.4497605173036 13.5219861636309 98.366740808651
54000 54 0.264999999999999 2.13332603712209 0.179874481101999 0.277257359619096 302.449026930479 13.372820689203 13.5520820647925 98.7570850182091
55000 55 0.269999999999999 2.14140407652816 0.0746733579898314 0.0688617759435138 296.24686781275 13.3193205122185 13.5356499223478 99.1474292277673
56000 56 0.274999999999999 2.32528301402375 -0.00338456398948848 0.406093465267439 315.180750589342 13.2817606142215 13.5190878500596 99.5377734373254
57000 57 0.28 2.33236252231755 0.0142248602390035 -0.135850279684934 309.872787589551 13.2262054135513 13.4984383847345 99.9281176468835
58000 58 0.284999999999999 2.11752181053373 -0.365581891698007 -0.509115008008788 289.066139436206 13.2670058039783 13.3762569405813 100.318461856442
59000 59 0.29 2.53219607405261 0.16899273927555 -0.32591795019861 302.721059401467 13.2740699693956 13.3689468674459 100.708806066
60000 60 0.294999999999999 2.35315612516345 -0.156538909593673 0.132503132829858 297.08766891094 13.191456671405 13.3884253088294 101.099150275558
61000 61 0.299999999999999 2.70780785641172 0.414430084138425 0.274664544078045 296.699494511008 13.2357128027223 13.3391511514143 101.489494485116
62000 62 0.304999999999999 2.65294642995869 -0.114998680828887 0.183230939757719 306.078240811377 13.1292986332478 13.3544262210586 101.879838694674
63000 63 0.309999999999999 1.91721744532593 -0.0549294805993335 -0.25107845469317 306.260518308124 13.1401431975068 13.2685591675103 102.270182904232
64000 64 0.314999999999999 2.22293061305884 -0.081575995728718 -0.0189137156515289 302.828900985723 13.0805713639814 13.2944795932764 102.660527113791
65000 65 0.319999999999999 2.64598747585989 0.324256795216682 0.213376979757993 292.124650093722 13.0618768090988 13.2970764868659 103.050871323349
66000 66 0.325 2.15920923583993 0.275197035681636 -0.0136859504760721 292.041434995375 13.0396442449549 13.2489078201897 103.441215532907
67000 67 0.329999999999999 2.18714598650838 -0.0826793489494485 -0.122409902851211 305.395554769843 12.9919755482896 13.2243029128848 103.831559742465
68000 68 0.334999999999999 2.70949739256674 0.265029804929366 0.14096639980759 307.162180959323 12.9868224145887 13.2273242373427 104.221903952023
69000 69 0.339999999999999 2.27098547074282 -0.120915841368367 -0.0615097730913447 305.225447341891 12.9673084588036 13.1683111977973 104.612248161581
70000 70 0.344999999999999 2.39093773210671 -0.0614520660666121 -0.287183985854093 302.664109376252 12.9397167198717 13.1409365413485 105.002592371139
71000 71 0.349999999999999 2.02443519435372 0.0206933232959019 -0.199075689998241 302.982830452068 12.9258609682255 13.1047353577719 105.392936580697
72000 72 0.354999999999999 2.03789757562841 0.440028978696059 0.365194712977083 311.366855715344 12.927924017557 13.0807101992831 105.783280790256
73000 73 0.359999999999999 1.75196747983933 -0.126280474603492 -0.0305106991382299 304.621084545815 12.7839339334356 13.1298947947121 106.173624999814
74000 74 0.364999999999999 1.40912978083473 0.0354954218080165 0.127430140368787 300.795340359027 12.7662945166395 13.1102118609249 106.563969209372
75000 75 0.369999999999999 1.99282509519623 0.239554951562371 -0.00196346893281268 307.105456789714 12.7608773770471 13.0949317271661 106.95431341893
76000 76 0.374999999999999 2.06103421610172 0.28075530593902 -0.0199423259231405 297.592454472066 12.7476150599409 13.0622796941106 107.344657628488
77000 77 0.379999999999999 1.89079485644092 0.204429656190306 -0.0622816452941134 299.540858443192 12.7117048749462 13.0371552164732 107.735001838046
78000 78 0.385 1.89681899276159 0.246608038811699 -0.0139624815585192 308.01801501753 12.6886831897443 13.0250283626952 108.125346047604
79000 79 0.389999999999999 1.66877852216354 0.134853864969861 -0.0827678150320202 307.053449512513 12.6054078549762 13.0412997484998 108.515690257163
80000 80 0.394999999999999 1.94428452906726 -0.0279240086047569 0.345083363553944 320.331300716172 12.5805764276411 13.0429715145394 108.906034466721
81000 81 0.399999999999999 1.83623844618435 0.17954383769461 0.30793558384512 301.912547296139 12.59273241203 12.9856026844509 109.296378676279
82000 82 0.404999999999999 1.90905520084083 0.0452365895860578 0.31417432118752 301.710361304347 12.5028373325066 13.0067313475199 109.686722885837
83000 83 0.409999999999999 1.91770093726326 0.0754558616545108 0.222612852055606 303.494633967877 12.5026632867187 12.9686747128961 110.077067095395
84000 84 0.414999999999999 2.04474701396829 0.217315758154031 0.244124244489541 291.540251062428 12.494579931514 12.9398749720389 110.467411304953
85000 85 0.419999999999999 2.28223403690849 -0.149351458966077 0.0463143916724337 298.298493258197 12.464363922414 12.9114477354226 110.857755514511
86000 86 0.424999999999999 2.41917218967632 0.274880033158737 0.208245169722911 300.204849978058 12.4130358031978 12.9501406166989 111.24809972407
87000 87 0.429999999999999 2.30168631245631 0.0188144122403887 0.265840309453329 302.482588751445 12.3771885781957 12.9265962660347 111.638443933628
88000 88 0.434999999999999 2.34976485285906 0.0571583534787669 0.0905731939600913 311.891572322751 12.3741595046103 12.9046284217599 112.028788143186
89000 89 0.439999999999999 2.36071232748407 -0.111239618228838 0.10253240469589 295.629965705501 12.3589293222437 12.8597300727078 112.419132352744
90000 90 0.444999999999999 2.89700722136354 0.222326836285069 0.408952355987787 298.769210623228 12.3648934474575 12.8536826330028 112.809476562302
91000 91 0.449999999999999 2.85430204300476 0.0541912236713147 0.23552030283045 304.814979112365 12.336776658566 12.8366666158352 113.19982077186
92000 92 0.455 2.91198810797502 -0.0607168862553631 0.0576291006215614 296.024887805547 12.3390386010274 12.7658382308528 113.590164981418
93000 93 0.459999999999999 3.17347114947724 0.151775205901898 0.139869334246994 298.791643045934 12.3154641873709 12.7661631367679 113.980509190977
94000 94 0.464999999999999 3.60259386035711 0.555783391967831 0.536959833718242 306.802617167251 12.2913367458197 12.7945590405995 114.370853400535
95000 95 0.469999999999999 2.97924798256361 -0.0431725395454245 0.00278154138733204 291.550890969678 12.2414565918766 12.7499305687701 114.761197610093
96000 96 0.474999999999999 3.22667815459469 -0.260767566354718 -0.224196864778364 310.305612075228 12.2047118891776 12.7463921427809 115.151541819651
97000 97 0.479999999999999 3.03809297200959 0.47393836343222 0.759360064920263 293.407067533411 12.1664085563163 12.7660696115959 115.541886029209
98000 98 0.484999999999999 1.68208468417119 -0.337691167276972 -0.238179074664879 500.936732151789 12.1908721216623 12.7580739423721 115.932230238767
99000 99 0.489999999999999 1.80557142749248 -0.186684304874935 -0.234909323251447 299.324601142047 12.0964369429235 12.690806696245 116.322574448325
100000 100 0.494999999999999 2.16427447724594 -0.204894028964035 -0.0540988760730405 303.410881291723 12.1164175574061 12.6187931953054 116.712918657884
101000 101 0.499999999999999 2.39817484900455 -0.0967270093175928 -0.433469377473459 294.424822547684 12.1295558393498 12.5655715698612 117.103262867442
