# r(A) g(r)_avg coord_avg
0.03000000 0.00000000 0.00000000
0.09000000 0.00000000 0.00000000
0.15000000 0.00000000 0.00000000
0.21000000 0.00000000 0.00000000
0.27000000 0.00000000 0.00000000
0.33000000 0.00000000 0.00000000
0.39000000 0.00000000 0.00000000
0.45000000 0.00000000 0.00000000
0.51000000 0.00000000 0.00000000
0.57000000 0.00000000 0.00000000
0.63000000 0.00000000 0.00000000
0.69000000 0.00000000 0.00000000
0.75000000 0.00000000 0.00000000
0.81000000 0.00000000 0.00000000
0.87000000 0.00000000 0.00000000
0.93000000 0.00000000 0.00000000
0.99000000 0.00000000 0.00000000
1.05000000 0.00000000 0.00000000
1.11000000 0.00000000 0.00000000
1.17000000 0.00000000 0.00000000
1.23000000 0.00000000 0.00000000
1.29000000 0.00000000 0.00000000
1.35000000 0.00000000 0.00000000
1.41000000 0.00000000 0.00000000
1.47000000 0.00000000 0.00000000
1.53000000 0.00000000 0.00000000
1.59000000 0.00000000 0.00000000
1.65000000 0.00000000 0.00000000
1.71000000 0.00000000 0.00000000
1.77000000 0.00000000 0.00000000
1.83000000 0.00000000 0.00000000
1.89000000 0.00000000 0.00000000
1.95000000 0.00000000 0.00000000
2.01000000 0.00000000 0.00000000
2.07000000 0.00000000 0.00000000
2.13000000 0.00000000 0.00000000
2.19000000 0.00000000 0.00000000
2.25000000 0.00000000 0.00000000
2.31000000 0.00000000 0.00000000
2.37000000 0.00000000 0.00000000
2.43000000 0.00000000 0.00000000
2.49000000 0.79033572 0.25000000
2.55000000 4.52149623 1.75000000
2.61000000 3.23700740 2.87500000
2.67000000 7.21738412 5.50000000
2.73000000 4.27367902 7.12500000
2.79000000 2.20330297 8.00000000
2.85000000 3.31809066 9.37500000
2.91000000 0.57866865 9.62500000
2.97000000 1.66657516 10.37500000
3.03000000 1.33435651 11.00000000
3.09000000 0.76982494 11.37500000
3.15000000 0.00000000 11.37500000
3.21000000 0.47556360 11.62500000
3.27000000 0.45827232 11.87500000
3.33000000 0.66286084 12.25000000
3.39000000 0.42640333 12.50000000
3.45000000 0.00000000 12.50000000
3.51000000 0.79549326 13.00000000
3.57000000 0.38448966 13.25000000
3.63000000 0.37188459 13.50000000
3.69000000 0.35988937 13.75000000
3.75000000 0.34846528 14.00000000
3.81000000 0.00000000 14.00000000
3.87000000 0.32719050 14.25000000
3.93000000 0.63455282 14.75000000
3.99000000 0.30780619 15.00000000
4.05000000 0.00000000 15.00000000
4.11000000 0.00000000 15.00000000
4.17000000 0.00000000 15.00000000
4.23000000 0.00000000 15.00000000
4.29000000 0.26626229 15.25000000
4.35000000 0.00000000 15.25000000
4.41000000 0.25196919 15.50000000
4.47000000 2.45250416 18.00000000
4.53000000 1.67157784 19.75000000
4.59000000 1.39556804 21.25000000
4.65000000 1.35978623 22.75000000
4.71000000 1.10446927 24.00000000
4.77000000 0.64611540 24.75000000
4.83000000 1.05027125 26.00000000
4.89000000 0.20493123 26.25000000
4.95000000 0.19999337 26.50000000
5.01000000 0.39046371 27.00000000
5.07000000 0.00000000 27.00000000
5.13000000 0.18620513 27.25000000
5.19000000 0.54577422 28.00000000
5.25000000 0.35558054 28.50000000
5.31000000 0.34759030 29.00000000
5.37000000 0.16993320 29.25000000
5.43000000 0.49859566 30.00000000
5.49000000 0.00000000 30.00000000
5.55000000 0.00000000 30.00000000
5.61000000 0.00000000 30.00000000
5.67000000 0.00000000 30.00000000
5.73000000 0.00000000 30.00000000
5.79000000 0.00000000 30.00000000
5.85000000 0.00000000 30.00000000
5.91000000 0.00000000 30.00000000
5.97000000 0.00000000 30.00000000
