step time_ps strain stress_z_GPa stress_x_GPa stress_y_GPa temp_K lx_A ly_A lz_A
1000 1 -1.50416253708262e-15 1.01063335922683 0.13086957271936 -0.563934112903556 289.386145541548 19.6452817681613 12.4665407152036 25.9811353516371
2000 2 0.00499999999999846 0.841886196271622 -0.349843301780844 -0.692075335316207 315.761295971582 19.556004169436 12.4559716704792 26.1110410283952
3000 3 0.00999999999999842 1.52582137965247 0.0447457141997125 -0.295352880660637 298.757112672951 19.4717597106577 12.4718595817431 26.2409467051534
4000 4 0.0149999999999984 1.9015371531063 -0.0596708860806134 -0.00771230980500898 310.369385947364 19.336960736545 12.4973799214823 26.3708523819116
5000 5 0.0199999999999983 2.03540545918477 -0.549094180544224 -0.412678238859958 295.048594749201 19.2843920220621 12.4602831492811 26.5007580586698
6000 6 0.0249999999999984 3.03652230402079 0.463604028318514 0.340760153034275 289.055951330421 19.3274893755089 12.4337169807127 26.630663735428
7000 7 0.0299999999999985 3.01806354036627 0.0465158991205933 -0.346679411229878 287.675823449126 19.2729453956853 12.3921889286547 26.7605694121862
8000 8 0.0349999999999985 2.72956931076979 -0.737940691894274 -0.359286341419324 334.276387638251 19.1550439313472 12.3950763477367 26.8904750889444
9000 9 0.0399999999999985 3.75148258324391 0.445304667032545 0.526132154399543 278.565439103355 19.1756951576117 12.3749358623313 27.0203807657025
10000 10 0.0449999999999984 3.19599201596532 -0.446300679353034 -0.271680979267537 330.684719190245 19.1217291972041 12.3147209103121 27.1502864424607
11000 11 0.0499999999999984 3.97407395236054 0.232828025321068 0.382965182544217 297.722111128065 19.1039895424582 12.3277663645242 27.2801921192189
12000 12 0.0549999999999984 3.58950598224018 -0.542556009886535 -0.804732677118854 298.754859864399 19.0027800407862 12.2744733007521 27.4100977959771
13000 13 0.0599999999999983 3.72696554263911 0.159146988827382 0.607972290011237 294.739864769002 19.0129655786329 12.224228063793 27.5400034727353
14000 14 0.0649999999999983 3.16933980354311 0.101886954632032 -0.798229823615929 281.939366787097 19.1385928992069 12.040403465121 27.6699091494935
15000 15 0.0699999999999984 3.19678334401635 -0.208900833961061 -0.153700990513366 297.3919561643 18.964159503958 12.1075564817065 27.7998148262517
16000 16 0.0749999999999985 3.81090672629733 -0.0261871120119783 0.225070593339966 280.892086270147 18.9258454275176 12.0977217193318 27.9297205030098
17000 17 0.0799999999999984 3.64191722366134 0.12304305477583 -0.537559880544446 298.885653131734 18.987415735789 11.9840211167363 28.059626179768
18000 18 0.0849999999999984 4.55333708324362 0.518555138977108 0.632375232554995 297.916874102997 18.9438148904983 12.0196815959853 28.1895318565262
19000 19 0.0899999999999984 4.09095004879968 -0.237635799994179 -0.36029259782773 310.534479090537 18.8653390049816 11.958045283484 28.3194375332844
20000 20 0.0949999999999983 4.31697701331113 0.000472260614984814 0.234139411688558 299.134112663577 18.8536543530109 11.9495308632732 28.4493432100426
21000 21 0.0999999999999983 3.62445279749531 -0.272729008978128 -0.106609902608646 306.448220442604 18.8645202035397 11.8662772808481 28.5792488868008
22000 22 0.104999999999998 3.15544400574615 0.178213534901524 -0.0190589671261472 324.755552204291 18.8648659994613 11.8260226792788 28.709154563559
23000 23 0.109999999999998 3.10381323151998 0.131632521013496 0.446431759546442 302.343577568621 18.5825580383885 11.9260858928406 28.8390602403171
24000 24 0.114999999999998 3.16877825447657 0.259471591491581 -0.484293800183403 290.042972466883 18.6405186712921 11.838657752823 28.9689659170753
25000 25 0.119999999999998 3.92180136157087 0.232592094026638 0.620912500771656 324.370292994146 18.5269033849343 11.8858301918976 29.0988715938335
26000 26 0.124999999999998 3.50003960577296 -0.236460196214409 -0.364350605304075 301.623268363706 18.4971845084671 11.8091577471691 29.2287772705917
27000 27 0.129999999999998 4.08685713269518 0.0559714664355715 0.0471011471630247 288.069230541449 18.4253789718219 11.8249855551332 29.3586829473499
28000 28 0.134999999999998 3.98036162121952 -0.196691092154276 -0.119974718219852 304.784825575372 18.3982054404475 11.7779949637689 29.4885886241081
29000 29 0.139999999999998 3.85558950830505 0.463825511917227 -0.151236543822941 283.838780661802 18.4808787984041 11.7200366564827 29.6184943008662
30000 30 0.144999999999998 2.5184365647559 -0.192565644372154 -0.0354809724285033 304.172793769253 18.3106110879993 11.7696494301562 29.7483999776244
31000 31 0.149999999999998 3.85681954747279 0.305042554207634 0.260758610243162 284.660970787771 18.2999244499672 11.7596679441678 29.8783056543826
32000 32 0.154999999999998 2.76505473909094 0.318656889539229 -0.541017425445109 293.275215029017 18.2922382136222 11.6585611574233 30.0082113311408
33000 33 0.159999999999998 2.17639630543872 0.381574484763767 -0.098026538864003 292.975877719839 18.0478307123253 11.7208861702823 30.138117007899
34000 34 0.164999999999998 2.17890695400535 -0.0406653665537876 -0.248829114349697 320.990110111875 18.0606167487319 11.6425544488937 30.2680226846572
35000 35 0.169999999999998 2.43490124873093 -0.44254340312617 -0.343507138429919 306.850587127718 18.0175081347953 11.5976770573434 30.3979283614154
36000 36 0.174999999999998 3.13618952037059 1.06154036122516 0.14834342200513 330.502725144194 18.1079944599117 11.554686262468 30.5278340381735
37000 37 0.179999999999998 2.64634679674353 0.286100991733314 -0.315990609923233 317.686751031738 18.0161127031136 11.5150608576803 30.6577397149317
38000 38 0.184999999999998 3.01130906815186 0.166235889836765 -0.137788643724658 315.568571968886 17.9657860033086 11.5262192474065 30.7876453916899
39000 39 0.189999999999998 2.66990914324092 -0.446504587510709 -0.155007181394554 287.884602881252 17.8618534709509 11.5188853266384 30.9175510684481
40000 40 0.194999999999998 2.253147442133 -0.936512463089234 -0.843616507382783 294.15761103506 17.7832998377 11.4934148584053 31.0474567452063
41000 41 0.199999999999998 3.53960120398835 0.544550746083352 0.175289712314854 283.504030466872 17.889665172796 11.4419298945227 31.1773624219645
42000 42 0.204999999999998 2.81007660672025 0.407088737891836 0.482048676527035 306.035857977129 17.8224392141025 11.4266195391981 31.3072680987227
43000 43 0.209999999999998 2.90370277381083 0.185679849078375 0.033426499917699 299.254148080073 17.9141968553524 11.330622950525 31.4371737754808
44000 44 0.214999999999998 2.63401560846143 -0.677238426585476 -0.794901448171846 315.517413865387 17.8255644585245 11.3001161656524 31.567079452239
45000 45 0.219999999999998 3.36296965710313 0.691161026511234 0.568186219561924 287.926997501068 17.9666149182269 11.2301660095812 31.6969851289972
46000 46 0.224999999999998 3.08707013559228 0.0870902653164275 0.028566686322474 310.911320702126 17.9785781039575 11.1655931307729 31.8268908057554
47000 47 0.229999999999998 2.99457537779312 0.534509354430059 0.011385223786161 325.279316968645 17.926554348181 11.1325560877624 31.9567964825136
48000 48 0.234999999999998 3.19731227159861 0.431051762001786 0.684409719856422 322.104301013608 17.796306419647 11.1949814972477 32.0867021592718
49000 49 0.239999999999998 2.82629225159383 -0.000950510344397405 0.238542964987432 299.787050119092 17.8389260302078 11.0883429701684 32.21660783603
50000 50 0.244999999999998 2.83986589051657 0.479781235047285 0.355954302149259 308.625150677693 17.8017860753554 11.0818840643795 32.3465135127881
51000 51 0.249999999999998 2.85325344268139 0.0916589084576915 0.265494435858573 298.260626576695 17.6370840562493 11.1381484030324 32.4764191895463
52000 52 0.254999999999998 3.58152662145065 0.408903986866896 0.0787644661896277 287.360049739005 17.7551463767869 11.0375108202916 32.6063248663045
53000 53 0.259999999999998 3.25599832079163 0.369797195584311 0.273083636130579 278.272525602748 17.7028894675549 11.0246510126721 32.7362305430627
54000 54 0.264999999999998 2.4840509016344 -0.142285680603917 -0.112250531487373 319.477089231839 17.6387813795083 10.9822733389809 32.8661362198209
55000 55 0.269999999999998 2.63533874525697 0.412412195927841 -0.33679065182191 270.689991177879 17.6542917473486 10.9600169356706 32.9960418965791
56000 56 0.274999999999998 2.88453734669697 -0.79841529489611 -0.480628630971977 297.950167075326 17.5174755205252 10.9670103619766 33.1259475733373
57000 57 0.279999999999998 2.66464089837079 -0.458285723538647 -1.05966312388724 331.23426465176 17.5794440506749 10.8827509905638 33.2558532500954
58000 58 0.284999999999998 3.02042443662811 -0.132384520894244 -0.201529425762844 302.203763080703 17.6709980498502 10.7990482616539 33.3857589268536
59000 59 0.289999999999998 2.90880253566268 -0.0906898139613271 -0.360618781834177 295.479111960988 17.6637957413415 10.7728345193593 33.5156646036118
60000 60 0.294999999999998 2.97171970279171 0.556924089850105 0.523328340904484 286.852175340452 17.5943603914248 10.7891526539388 33.64557028037
61000 61 0.299999999999998 2.97077675016461 0.179643655236517 0.731795691787546 322.379862553556 17.6184932784632 10.7352087728398 33.7754759571282
62000 62 0.304999999999998 2.10354963958227 -0.108095570149969 0.041212040523547 296.614402725636 17.5793909504667 10.6912194742776 33.9053816338864
63000 63 0.309999999999998 2.03038627801509 -0.716454343094587 -0.0301857712683348 289.698787650152 17.5281840511114 10.6427838063562 34.0352873106445
64000 64 0.314999999999998 1.55128886966419 -0.0756229236908412 0.460938125227955 302.749740985431 17.4490890042503 10.65476676665 34.1651929874027
65000 65 0.319999999999998 1.59102303538894 -0.0980328632031805 -0.750811530649485 282.325150580259 17.4034108498988 10.6266276827643 34.2950986641609
66000 66 0.324999999999998 1.25693995426738 -0.701411223057846 -0.54609780749464 312.275049513808 17.3474517525595 10.5972594075921 34.4250043409191
67000 67 0.329999999999998 2.74973825189935 0.604254948466868 0.790180699776705 315.342300643979 17.3503538937059 10.6497840237765 34.5549100176773
68000 68 0.334999999999998 2.13323574878352 -0.029243729931964 -0.551615593756505 302.992127433903 17.3127608396089 10.5699492139283 34.6848156944355
69000 69 0.339999999999998 2.24905237110931 -0.913972694376321 -0.513810739390801 307.915590530362 17.2758550660785 10.5426798023146 34.8147213711937
70000 70 0.344999999999998 1.60676023663748 0.549245744194284 0.244762978432684 299.507434210928 17.4708754536699 10.414614876056 34.9446270479518
71000 71 0.349999999999998 1.58755729970396 0.154862079558039 0.0548843783330581 291.009376269154 17.2847419774717 10.4777264205108 35.07453272471
72000 72 0.354999999999998 2.04287517806334 -0.133242650284844 -0.550785870727248 291.685403273345 17.1661612184835 10.5027084368747 35.2044384014682
73000 73 0.359999999999998 2.24232806163621 -0.259146572499164 0.289338063393681 293.074903376823 17.1544855706462 10.4796730050242 35.3343440782264
74000 74 0.364999999999998 2.26654759801621 -0.013018385093604 -0.210908138136424 305.204460883792 17.1664350431766 10.4232225227833 35.4642497549846
75000 75 0.369999999999998 2.12921593723402 -0.85993623604198 -0.138580163800485 321.50164437297 17.0646591369895 10.4333915420693 35.5941554317428
76000 76 0.374999999999998 2.83134721245597 -0.163822307259046 0.28299079306529 295.223133912359 17.0512190437106 10.4502888458481 35.724061108501
77000 77 0.379999999999998 2.9496753725509 0.261112865360294 0.683063326669792 335.11674285274 17.1228860872285 10.3823827132319 35.8539667852591
78000 78 0.384999999999998 1.54240105605296 -0.0309321904681342 -0.41428289581153 317.247264829682 17.1936823419483 10.2504796220019 35.9838724620173
79000 79 0.389999999999998 2.35657623719486 -0.0290105018325561 -0.343846148479049 303.721227193486 17.2631148928049 10.1929736483486 36.1137781387755
80000 80 0.394999999999998 2.25861506437244 -0.101158985102302 -0.0372448186622161 297.026974725142 17.1594436805264 10.2172935196709 36.2436838155337
81000 81 0.399999999999998 2.18517506758188 0.0983830606974168 -0.134686422986554 326.814940263193 17.2377935675871 10.141742638365 36.3735894922919
82000 82 0.404999999999998 3.20493354676399 0.863644423530226 1.06881991445762 298.665971236299 17.2106818856735 10.178425919637 36.5034951690501
83000 83 0.409999999999998 1.89583438034988 -0.759752636288669 -0.723654044319017 312.545761470976 17.12923280012 10.1033290031327 36.6334008458083
84000 84 0.414999999999998 2.67042624184971 -0.00180963181382912 0.217149954730879 311.430556792767 17.2110731647422 10.0587187154172 36.7633065225664
85000 85 0.419999999999998 2.55194836187721 0.0172943031326617 0.0788096984858883 306.692530207299 17.1727499872995 10.0392434969693 36.8932121993246
86000 86 0.424999999999998 2.15002709387582 0.315005966732415 0.292562197640584 289.478118843693 17.2290890215163 9.98285088644887 37.0231178760828
87000 87 0.429999999999998 2.32545930145845 0.175853076324328 -0.426450212141626 300.952684043134 17.2768054309334 9.91173519400318 37.153023552841
88000 88 0.434999999999998 2.95805508331856 -0.161187151109166 0.612236161625122 304.888832662547 17.182183443232 9.939106199637 37.2829292295992
89000 89 0.439999999999998 2.68610535774355 -0.130763321461483 -0.0697714304096546 293.60636861082 17.2137697517755 9.86876939949171 37.4128349063574
90000 90 0.444999999999998 3.15545305965867 -0.117430941209691 -0.145318437157171 318.811836641305 17.2054053011004 9.85070625164125 37.5427405831156
91000 91 0.449999999999998 3.74336223595851 0.308347055487605 0.0540483269288433 302.172877139022 17.1526501902496 9.86625907629294 37.6726462598737
92000 92 0.454999999999998 3.26370110727646 -0.76339392461316 -0.738538432899279 326.912166609782 17.1497437178442 9.80268810637357 37.8025519366319
93000 93 0.459999999999998 3.37571737377218 0.427719112578683 -0.236479192164945 281.763926735732 17.2011896860912 9.76693815129356 37.9324576133901
94000 94 0.464999999999998 3.67403299450519 0.134377663844732 -0.126387796023758 293.112888663381 17.1145875477341 9.78462014119508 38.0623632901483
95000 95 0.469999999999998 3.39598604926538 0.727556526437076 -0.0652424393461705 289.196920136088 17.112051229912 9.7567583253336 38.1922689669065
96000 96 0.474999999999998 3.53493535038292 -0.632095317601647 -0.138314515725935 322.195814220787 17.0154786705124 9.75957447935238 38.3221746436647
97000 97 0.479999999999998 3.71089360784988 -0.513591232386183 -0.0814885904545974 301.342321576978 16.9614083620291 9.76758603890069 38.4520803204229
98000 98 0.484999999999998 4.14978353735603 0.456021159658084 0.646470914661397 296.337503204474 16.9811936665032 9.76640859540533 38.581985997181
99000 99 0.489999999999998 3.67852371739057 -0.118050538414328 0.459574833927849 299.830390731539 16.92607903307 9.72571199838815 38.7118916739392
100000 100 0.494999999999998 2.90108060855755 -0.866124655307777 -0.543502700420251 290.330621600232 16.8969547052737 9.67992979332842 38.8417973506974
101000 101 0.499999999999998 3.59343016887453 0.590205687142248 0.396021617699541 285.138956216745 16.9213945208829 9.67172866243472 38.9717030274556
