step time_ps strain stress_z_GPa stress_x_GPa stress_y_GPa temp_K lx_A ly_A lz_A
1000 1 -1.85167151291024e-16 -0.0110047857942032 -0.0786106958835045 -0.748394475571856 1036.52480439836 17.4219033677501 10.1971678474289 38.3730446143415
2000 2 0.00499999999999966 -0.0547082243010468 -0.525528827174209 -0.288183817705617 981.907911291599 17.3643931167295 10.2450536765016 38.5649098374132
3000 3 0.00999999999999969 1.09233994814638 -0.0175877522283325 -0.147881177958804 995.444161287028 17.2948706288981 10.2861553046483 38.7567750604849
4000 4 0.0149999999999997 2.36510930971321 -0.475522569058011 -0.147890053736936 967.638521266161 17.3628110234897 10.2078619542929 38.9486402835566
5000 5 0.0199999999999997 1.79817347561313 -0.628253147233331 -1.04606575113313 969.65565261605 17.3038220346132 10.1956819822447 39.1405055066283
6000 6 0.0249999999999998 2.90568917966929 -1.35502914306083 -0.589350991145979 994.641558530143 17.195008782516 10.2012288543954 39.3323707297
7000 7 0.0299999999999998 4.11761123711557 -0.377103475798773 -0.229992558532185 1060.91137226402 17.300823911633 10.1458539279833 39.5242359527717
8000 8 0.0349999999999996 3.97431677040349 -0.381297979236607 -0.45244670564257 1060.45018218342 17.300081784322 10.1245284203659 39.7161011758434
9000 9 0.0399999999999997 4.27805628294626 0.781280610205549 -0.291400291467587 986.664119057597 17.2987554253697 10.1116225540235 39.9079663989151
10000 10 0.0449999999999997 5.54240699624829 -0.987719393548946 1.67125886398922 1021.45271675935 17.1419840355576 10.2832756617198 40.0998316219869
11000 11 0.0499999999999997 6.5575033381754 0.962356380638613 1.1245913548047 1020.07702082583 17.2807581053348 10.1668477720269 40.2916968450586
12000 12 0.0549999999999998 6.00395478179523 0.145610139783083 0.319756960886842 974.547219149071 17.2686065728219 10.1258793451323 40.4835620681303
13000 13 0.0599999999999998 5.29401259158195 0.346521879668214 -0.0874350035753815 1010.81437560275 17.3447779956019 10.014780294034 40.675427291202
14000 14 0.0649999999999996 5.67696006696921 -2.25647332426958 -0.370802549469473 939.285781750635 17.0327071044569 10.1124767562335 40.8672925142737
15000 15 0.0699999999999997 5.97151095627073 -0.170538888241799 -0.386704614447274 992.810920203575 17.2864452982442 9.98405061505498 41.0591577373454
16000 16 0.0749999999999997 8.18552357483106 0.325057378212946 0.699744343726708 952.004979882241 17.1005127227773 10.1293793334864 41.2510229604171
17000 17 0.0799999999999997 7.59739732119713 0.297126271443636 -0.127229211775246 1033.45648619133 17.2588907023795 10.0083280905471 41.4428881834888
18000 18 0.0849999999999997 7.56062706121013 0.642737964030077 0.603207217464798 1010.88630477542 17.1954438990478 9.99038256538423 41.6347534065605
19000 19 0.0899999999999998 3.61064071433267 0.380710172291061 0.275179006343819 1018.79397376463 17.2432878729972 9.85866155427146 41.8266186296322
20000 20 0.0949999999999996 0.333467644320596 0.783758873662832 -0.670347495623616 986.911963612963 17.2151988983081 9.64050444088545 42.0184838527039
21000 21 0.0999999999999996 1.71190508379206 0.624222083367633 1.32004911974808 1005.69580836398 17.002837795849 9.78837160295656 42.2103490757756
22000 22 0.105 2.21859062601958 0.721540671695787 0.512002477558853 1031.06292352686 17.0603461154617 9.71426736674952 42.4022142988473
23000 23 0.11 1.40801744993497 0.0308020333431622 -0.687152879079227 1072.36998792795 16.9004538299043 9.65169373453629 42.5940795219191
24000 24 0.115 1.75240097656444 0.0117304674597467 -0.52750421165565 1004.52482962314 16.920111438536 9.64339461770147 42.7859447449908
25000 25 0.12 2.81048706353977 -0.25608232831702 0.237184758323095 965.590966824059 16.8530597033962 9.64121626328341 42.9778099680625
26000 26 0.125 1.86044874572935 -0.262302200307096 0.26113688295146 998.539001933626 16.7538201919328 9.62651070692156 43.1696751911342
27000 27 0.13 1.44253814013877 0.678752504210034 -0.189247068206942 967.915399136393 16.6694566637112 9.62739160625468 43.3615404142059
28000 28 0.135 2.24222335005281 -0.583626702542976 0.467049767152291 995.34623037313 16.5388297041598 9.71406831254385 43.5534056372776
29000 29 0.14 2.69236055564797 0.306659698450196 0.149988286792909 989.516830240538 16.6107508398188 9.66794078971046 43.7452708603493
30000 30 0.145 3.46689952827976 0.239265914368822 -0.33039111399432 967.980392488234 16.5578724646828 9.66332549305981 43.937136083421
31000 31 0.15 2.15713371951283 -0.340135408697476 -0.731923205771333 1004.22203390257 16.3850990259463 9.65655211999723 44.1290013064927
32000 32 0.155 3.43092602099358 0.157713921193645 0.394726832283783 1028.57633115117 16.2773631923245 9.77617608532865 44.3208665295644
33000 33 0.16 2.24943315341402 0.0345561814268776 0.474508371493329 1038.99492705432 16.1877349899884 9.74598656229188 44.5127317526361
34000 34 0.165 2.60123802695114 0.72005904383396 0.602724103854321 998.562608173392 16.288959036105 9.68786040275329 44.7045969757078
35000 35 0.17 3.01498301401322 0.713716312683827 0.678791742248148 981.065542155047 16.2079883196231 9.70377332330118 44.8964621987795
36000 36 0.175 2.2125582172887 -0.124076786636453 0.0341148847668168 1023.28669957501 16.0867118888503 9.74044724043351 45.0883274218513
37000 37 0.18 3.03422465068172 1.63695864495975 0.544864145107045 1022.82732937219 16.2631444948105 9.60842764119345 45.280192644923
38000 38 0.185 2.42459798151717 0.0758295135018262 -0.504863823142054 1000.85115639459 16.1398306099803 9.59355531699396 45.4720578679947
39000 39 0.19 2.84861008555932 -0.348888201974418 -0.0389204803083764 973.908683575608 16.0280820214823 9.60529451889608 45.6639230910664
40000 40 0.195 3.22484316539013 0.260634274688709 -0.0137777625601144 962.866776913752 15.9906940593607 9.62679067007326 45.8557883141381
41000 41 0.2 2.72056251332938 0.143810638468855 0.0741841615957083 991.670040629287 15.8613929837649 9.63128364413444 46.0476535372098
42000 42 0.205 2.71814025834003 0.456765363244008 -0.190035581887591 953.648977666939 15.8451108573966 9.57420323018623 46.2395187602815
43000 43 0.21 3.28887938574491 0.970433478788261 0.0486089447091815 1027.18587398019 15.9637626763259 9.56540560935187 46.4313839833532
44000 44 0.215 2.49837812710845 0.12315739693748 0.592686722589853 991.225798351913 15.6507644202466 9.62993077663405 46.6232492064249
45000 45 0.22 1.39570839861208 -0.736383916127554 0.132883482752988 985.924796812755 15.3174825363589 9.76659334376938 46.8151144294966
46000 46 0.225 1.20017807018324 0.699801271927088 0.329599689197547 1046.95232758035 15.394744852675 9.70294966246118 47.0069796525683
47000 47 0.23 1.52143068102609 -0.771158845927719 0.913353616741827 947.852024471948 15.2191253305848 9.73524246859071 47.19884487564
48000 48 0.235 1.51008930436096 -0.148733657652254 -0.173211289918423 987.740333043525 15.4311436700964 9.59141518120023 47.3907100987117
49000 49 0.24 1.3593174450048 -0.610749591340068 -0.995092413939176 926.116236993668 15.1161738668152 9.65844621591269 47.5825753217835
50000 50 0.245 1.3301307120192 0.243872641018485 -0.484679427400884 1067.03145316973 15.0102459943906 9.72769039982563 47.7744405448552
51000 51 0.25 1.70415915269016 0.312644201929247 0.148074815034007 971.990771906592 14.8795522918464 9.85421963598917 47.9663057679269
52000 52 0.255 1.68093927121947 0.763467997243273 0.305653758657076 955.641991204048 14.951614787694 9.74539065969101 48.1581709909986
53000 53 0.26 0.676469821270133 0.171696962401354 -0.80743219452706 1052.16128328767 14.8479008214103 9.67781309439893 48.3500362140703
54000 54 0.265 3.4191909006718 0.527773833220277 1.02017489539742 1020.09990084817 14.8639832465912 9.8028346215286 48.541901437142
55000 55 0.27 2.02407544946294 -0.478809224161647 -1.38721482591934 996.650919127861 14.7012800421274 9.71528838916964 48.7337666602137
56000 56 0.275 1.79877302813171 0.0145352784403005 -1.08908485979411 1035.21710920341 14.7783369705705 9.67280375865247 48.9256318832854
57000 57 0.28 2.55802850170618 -0.20432904593765 0.271351886742236 1036.04423017079 14.6233645763437 9.74894295612088 49.1174971063571
58000 58 0.285 2.52984282770643 -0.560730659547914 0.0119938539153726 948.617763231744 14.6289086497353 9.71047474363623 49.3093623294288
59000 59 0.29 1.68605277369297 -0.399255586234422 0.667778618739019 1018.80230600095 14.5948630950167 9.68556310750466 49.5012275525005
60000 60 0.295 1.46382094842941 -0.277378451682693 0.697245250269433 1055.37077011783 14.4245882588739 9.74163292127727 49.6930927755722
61000 61 0.3 2.21767685172019 0.894580419706896 0.238459176560249 986.112938446892 14.5795477502198 9.66360849758923 49.8849579986439
62000 62 0.305 1.82773241964354 0.627024700283948 -0.770143143126884 984.892969982624 14.4538884452601 9.66064649356287 50.0768232217156
63000 63 0.31 0.880378874699632 0.138802571416389 -0.195657330045504 1084.67248408804 14.3096821995273 9.68895086247207 50.2686884447874
64000 64 0.315 1.74943325687277 -1.12295829252217 -0.692457320411145 1050.89939255547 14.1524804337336 9.71930634494535 50.4605536678591
65000 65 0.32 2.52029253716543 -0.200894566927138 0.252169833718424 1023.3238332365 14.1121977238757 9.78468060692876 50.6524188909308
66000 66 0.325 1.64589091114777 -1.41128561243002 -0.717218504638654 1020.3176424383 14.1328866344052 9.66554143725851 50.8442841140025
67000 67 0.33 0.912133490020659 -0.297591205922463 -1.21774786090175 997.304143619863 14.1171305791119 9.65401780148531 51.0361493370742
68000 68 0.335 1.64976807411994 -0.342326338545346 0.421229991193059 1014.24908595512 13.9922438577934 9.75905862269052 51.2280145601459
69000 69 0.34 1.62476116261115 1.03658081479358 1.00217635533349 979.228779920755 13.9022470450169 9.81191595675604 51.4198797832176
70000 70 0.345 1.43227344852125 -0.454736286238407 -0.438146903969343 1023.76944026616 13.8150441830302 9.78229196004476 51.6117450062893
71000 71 0.35 0.740227064503069 -1.29726510972272 -0.307382264972514 1011.5189072172 13.7150165664268 9.77941688564432 51.803610229361
72000 72 0.355 1.2324311679584 -1.05502662283268 -0.641846264820253 1055.54644307594 13.8439211454749 9.66697528459817 51.9954754524327
73000 73 0.36 1.26711526356599 -1.75397143394578 0.135264744747934 964.03112443285 13.6361766227742 9.77551210957617 52.1873406755044
74000 74 0.365 2.17189215727219 0.198922626746847 0.129523078090293 971.527722701075 13.7281420834027 9.73364036726112 52.3792058985761
75000 75 0.37 2.20471053578749 -0.0167046703969241 0.399613123507739 966.857277549439 13.6680171000109 9.7769818849932 52.5710711216478
76000 76 0.375 2.31950727213631 0.278085660010141 1.41690489646754 1090.93803974489 13.5978313007867 9.79287451412942 52.7629363447195
77000 77 0.38 1.99916801914971 -0.466555032559703 0.33142750045677 1004.12367279559 13.6075180117857 9.70829087177286 52.9548015677913
78000 78 0.385 2.18577714111718 -0.133477605623919 -0.471639099796997 1070.22950738422 13.531154589264 9.72575169187126 53.146666790863
79000 79 0.39 2.24854340385491 0.294109378147334 -0.118354366476733 972.609335757034 13.533963253608 9.71539944299838 53.3385320139347
80000 80 0.395 2.04869743574413 0.941310674521998 -0.300553770824235 986.648646624606 13.4681752793982 9.71368941291092 53.5303972370064
81000 81 0.4 2.81012325327643 0.216949644309199 -0.00182452365277908 983.451025792784 13.3828154617617 9.75483166592504 53.7222624600781
82000 82 0.405 2.31004345485317 -0.459726006046347 -1.7925671152277 996.201012980836 13.4171800749503 9.62841962028357 53.9141276831498
83000 83 0.41 3.13325359035678 0.456761312040468 -0.653304019074652 957.76844667782 13.3145089449171 9.69546765775031 54.1059929062215
84000 84 0.415 3.79095923305707 0.205138834396934 -0.366855317570579 992.753795929512 13.2317768033994 9.73717366098478 54.2978581292932
85000 85 0.42 3.11772456848407 0.334239090767098 -0.180471546602268 1070.67051160887 13.3026784523263 9.64014265923093 54.4897233523649
86000 86 0.425 2.53317948113561 -0.504247001305117 -0.826229970228297 968.370177593247 13.2447174906478 9.62650331434209 54.6815885754366
87000 87 0.43 2.4965282162656 -1.29296542823192 -0.694295631512013 972.874393512115 13.1645468609976 9.61928976818675 54.8734537985083
88000 88 0.435 3.64253977947168 -0.0751283713206028 0.108740096685809 1014.830305557 13.1610633037784 9.69687980462781 55.06531902158
89000 89 0.44 3.22054962251225 -0.235896647469133 -0.129161137971352 990.777422162688 13.2092137123344 9.58932263601567 55.2571842446518
90000 90 0.445 3.68352550346723 0.303694656419807 0.573948197572694 992.508506375572 13.3581801003304 9.53500958266213 55.4490494677235
91000 91 0.45 3.15605484354704 -0.151052136243533 -0.0463604850528159 1001.33104082839 13.096279003924 9.61333625408888 55.6409146907952
92000 92 0.455 3.24745966995242 -0.398135346341734 -0.783975726600125 1020.90075404284 12.9603917657018 9.65815770078753 55.8327799138669
93000 93 0.46 1.8015088148716 -0.0173715630755566 0.0825641479014808 1019.19176562098 12.9093634368427 9.68503377113491 56.0246451369386
94000 94 0.465 2.1556809715462 -0.595765149781537 -0.660264527021727 1020.13576522803 12.9919838124814 9.57976237603634 56.2165103600103
95000 95 0.47 2.24304423060371 1.3036646951152 -0.625512385580082 1098.03494953976 13.0273243358699 9.55175470695719 56.408375583082
96000 96 0.475 2.47160061362394 0.889692767132376 1.41621747148883 986.764228518589 12.8954074706603 9.62420081280927 56.6002408061537
97000 97 0.48 2.79604968954493 1.1114543775933 0.606003562211983 992.111500787475 12.8980950289208 9.56663687289808 56.7921060292254
98000 98 0.485 2.46768685473547 -0.113730046730397 0.868704841979867 1020.76929683077 12.6812888153089 9.66315334187263 56.9839712522971
99000 99 0.49 1.43841330403806 -0.183637940215712 0.480070715319864 1082.56792945318 12.7389001441093 9.57488243542202 57.1758364753688
100000 100 0.494999999999999 1.49580100083918 -0.167420067812445 -0.738816276132415 995.568015914547 12.8406881120262 9.48051331339504 57.3677016984405
101000 101 0.5 1.56870395976349 0.0503819492318567 0.687660148842524 960.46245809352 12.6956462266203 9.54596851278884 57.5595669215122
