step time_ps strain stress_z_GPa stress_x_GPa stress_y_GPa temp_K lx_A ly_A lz_A
1000 1 3.42173040201432e-16 -0.251633425141478 2.47406476948106 -1.11523928709004 289.208871178557 15.4074079904291 34.4124492303102 31.1483950638753
2000 2 0.00500000000000045 -0.139335054949307 0.14718117820355 0.287487643429229 306.765321071689 14.8763662939733 35.4462139142207 31.3041370391947
3000 3 0.0100000000000003 -0.255183120512434 -0.208699308396848 0.267644822685484 306.468640949672 14.832604920182 35.2906096896452 31.4598790145141
4000 4 0.0150000000000004 0.0260294226245174 -0.0760053655234566 -0.321205471778257 305.28906781149 14.7880454037148 35.2358963496111 31.6156209898334
5000 5 0.0200000000000003 0.361845901043093 -0.293654943012502 -0.225072057944283 296.579973545425 14.7106848088033 35.2432615558785 31.7713629651528
6000 6 0.0250000000000004 1.02395320632395 0.371901950551512 0.397362035960674 297.368194163896 14.6645968187841 35.2965796483248 31.9271049404722
7000 7 0.0300000000000004 1.48438734404067 -0.00688351207395718 -0.460717250165812 287.732177747065 14.6937077826862 35.0309155321719 32.0828469157916
8000 8 0.0350000000000003 1.88923305418846 0.223479014569326 0.364161610782288 295.304821072268 14.614088573172 35.1023525546136 32.2385888911109
9000 9 0.0400000000000004 1.16521902029856 -0.269392263680626 -0.415410880318803 391.863478053122 14.5885073621388 35.0783711790614 32.3943308664303
10000 10 0.0450000000000003 1.30341054008332 -0.139348005910871 -0.0816175644561059 298.521105541118 14.4870994013698 35.017386183104 32.5500728417497
11000 11 0.0500000000000004 -1.83124512172505 -4.74728137380431 -4.48942209664023 453.138534499681 14.4261898179973 34.8574842920014 32.7058148170691
12000 12 0.0550000000000003 0.692968159573363 -0.212054072372809 -0.232323981209965 306.894597900567 14.4134425551195 34.8546124948045 32.8615567923884
13000 13 0.0600000000000004 2.4850590931611 0.350502229897695 0.806997273297993 294.691448906244 14.3619220040043 34.8610403765156 33.0172987677078
14000 14 0.0650000000000003 2.03448123288095 0.865413039582129 0.277811868441881 307.876656189222 14.3854298042877 34.59818752556 33.1730407430272
15000 15 0.0700000000000004 2.64938305740125 0.671159915409319 0.197221344806701 302.800930649168 14.3510699374074 34.5493186889059 33.3287827183466
16000 16 0.0750000000000005 -4.20856685590779 -6.58863383143419 -6.26160779357433 388.282643151806 14.3096981577032 34.5482163945714 33.484524693666
17000 17 0.0800000000000003 1.87217300350963 0.120139345258869 -0.0239006113056616 297.197496572497 14.2111453314916 34.6421954077095 33.6402666689853
18000 18 0.0850000000000005 2.87393189671584 -0.065041917516793 0.0775994100957429 307.228649852281 14.2548352889757 34.4248962694397 33.7960086443047
19000 19 0.0900000000000003 2.51061240911458 -0.686810430785704 -0.0811600548746239 298.737934341963 14.1632498582732 34.4280516336818 33.9517506196241
20000 20 0.0950000000000004 3.0358510496782 0.0586018536354194 0.0699581857535018 302.911647068021 14.1165109819481 34.460679377931 34.1074925949435
21000 21 0.1 4.17155539418473 0.725388949785653 0.421965554660169 303.731813936506 14.1365507091716 34.324409511005 34.2632345702628
22000 22 0.105 3.59492293010901 -0.193421332094077 0.290763209170693 305.626602715079 14.0718827328144 34.2775113010497 34.4189765455822
23000 23 0.11 3.61232901116577 0.67348062501071 0.434504173788958 306.353644484367 14.0740576890905 34.1004067110986 34.5747185209016
24000 24 0.115 3.19978925676002 -0.503670312541668 0.182886489969728 298.80480970766 13.9873330498534 34.1355097144246 34.730460496221
25000 25 0.12 3.25576500852816 0.0322404980469624 -0.121356817308859 292.931167998232 14.0117411421485 33.9350842439695 34.8862024715403
26000 26 0.125 3.41314095977977 -0.223298047882186 0.0305745018689193 308.795654814574 13.9854360721491 33.881437222379 35.0419444468597
27000 27 0.13 3.384792241501 0.0348152632502818 0.278312387057915 298.140030441041 13.9930825648192 33.7013083461782 35.1976864221791
28000 28 0.135 2.81467690946038 -0.0867303079902203 0.18753469305917 305.469037030435 13.9402352692861 33.5808196962413 35.3534283974985
29000 29 0.14 2.8102345778133 -0.456825997723714 0.0593275193500911 303.790585929219 13.9277324926696 33.5580231670646 35.5091703728179
30000 30 0.145 3.22167730844723 -0.277035410318609 0.0528994218071325 288.641426769138 13.9025368483277 33.4055216150995 35.6649123481372
31000 31 0.15 3.88270579702968 0.681156814672361 0.26584132707445 290.854983881184 13.8831881520141 33.4030093511246 35.8206543234566
32000 32 0.155 2.6158974320357 0.0465409893031686 -0.60165098399372 304.475885446241 13.8444804955227 33.2934178393248 35.976396298776
33000 33 0.16 3.10980440448023 -0.129630885296399 -0.279547911803146 311.587668317236 13.8214964253741 33.2190648688894 36.1321382740954
34000 34 0.165 4.3007130457057 0.351878937149145 1.03263920993164 309.519925843895 13.7410585450717 33.3624844504915 36.2878802494147
35000 35 0.17 3.7780085340834 0.209629716534937 0.295804462456107 294.995660201356 13.7640036353654 33.1597822250422 36.4436222247341
36000 36 0.175 3.76630924835362 -0.0553903857379982 0.244187389715177 312.215741387244 13.7237304970046 33.1377286806596 36.5993642000535
37000 37 0.18 3.27372989626773 -0.479803489720637 -0.0507580210400763 299.64034344797 13.680633739813 33.0205066621627 36.7551061753729
38000 38 0.185 3.54029091801364 -0.00555362666792009 -0.0437088156606615 313.943239087537 13.6796630675462 33.0226357587762 36.9108481506922
39000 39 0.19 4.30106096365366 0.21115583498799 0.192268439601741 303.294526447534 13.689557702053 32.814932720705 37.0665901260116
40000 40 0.195 3.25236188992906 -0.653058607628993 -0.452698104696596 307.169077853644 13.663529830439 32.7354425770741 37.222332101331
41000 41 0.2 3.91398720908254 -0.531469474992739 0.134988251204411 308.628538199581 13.6545938396775 32.5914764090224 37.3780740766504
42000 42 0.205 3.69835908917166 -0.294472483657391 -0.0236758789446355 285.028043802413 13.6315482014294 32.4803780803217 37.5338160519697
43000 43 0.21 3.83236075968537 -0.161208431759138 -0.119202887511956 298.691728351274 13.6675000181494 32.2937967294118 37.6895580272891
44000 44 0.215 4.04168166934233 0.170344722702609 0.530371616460412 295.024870872671 13.6662603661271 32.2437402452723 37.8453000026085
45000 45 0.22 3.41102324176845 0.102085006184141 0.0601452016939782 310.358488346641 13.6811705771039 32.0248729667141 38.0010419779279
46000 46 0.225 3.29087538616363 -0.052845530064519 0.0849928674156186 287.741670046425 13.5854981112305 32.1161796574316 38.1567839532472
47000 47 0.23 3.25054022551441 0.45191336989439 0.0346215386408408 301.863039822996 13.571186518927 32.0438340965064 38.3125259285666
48000 48 0.235 2.62245071199123 -0.449486683472148 -0.387403201073566 292.14023148109 13.6244387552594 31.672487108451 38.468267903886
49000 49 0.24 3.03254171281054 0.487446852062744 0.536439275065865 457.424627033714 13.6287359809069 31.4518668216737 38.6240098792054
50000 50 0.245 1.63809540587689 -1.42802963453433 -1.42871012962036 302.005927112047 13.6819406932839 31.4118260909849 38.7797518545248
51000 51 0.25 2.70283839348302 0.322068643460696 0.816173980837025 633.543382443302 13.6485851637934 32.0844656466377 38.9354938298441
52000 52 0.255 2.83266547992432 -0.00512493007056987 0.111067774174939 279.368901824778 13.5904945410916 31.3746286937514 39.0912358051635
53000 53 0.26 2.9008947243949 0.105539949497285 -0.0605338111495744 305.194681190626 13.5263056307918 31.3854469658865 39.2469777804829
54000 54 0.265 1.84010551523585 0.267977149290543 0.323256140663147 298.604145751359 13.4855285917744 31.4466947443483 39.4027197558023
55000 55 0.270000000000001 1.03530198116564 -0.144712234461914 -0.0589835585090671 283.657550780181 13.4617128307474 31.252254655706 39.5584617311216
56000 56 0.275 -2.67299410190012 0.587849893009192 3.29188737521926 23572.7568912187 14.4694094405395 32.9023220831093 39.714203706441
57000 57 0.28 2.10807554984048 -0.271626447171752 -0.0574235493614546 244.107297467364 13.5392670952534 31.3183405885651 39.8699456817604
58000 58 0.285 0.20420241604591 -1.3276726653102 -1.49356299704949 284.716420719627 13.5029346886989 30.7269682514459 40.0256876570798
59000 59 0.290000000000001 -0.0709274016325717 3.92717754560203 -0.320927431344666 311.089328010572 13.4936238756153 30.6675683366681 40.1814296323992
60000 60 0.295 2.52090900070725 0.0171621351024917 0.527681382139029 252.255432922111 13.512565717378 30.498789979423 40.3371716077185
61000 61 0.3 3.0848086505231 -0.54919458124434 0.4143505194635 321.983770240679 13.3694361824005 30.7430587588958 40.4929135830379
62000 62 0.305 3.05118332389078 0.540740000487783 0.857114355535326 288.718132191104 13.3635890119674 30.6608138571128 40.6486555583573
63000 63 0.31 2.37605924957586 0.408615210610419 0.381066319350871 271.243358273403 13.3265345962104 30.5462501427732 40.8043975336767
64000 64 0.315 2.42402525455069 -0.284781972185417 0.320182151287353 313.024744971145 13.3343926631104 30.4832851534011 40.960139508996
65000 65 0.32 4.8388802451262 9.66853142751886 7.90612897073865 5317.96337249041 14.6024547123575 32.9024884741495 41.1158814843154
66000 66 0.325000000000001 1.04788453499175 -0.300578232563435 -0.584927452503837 324.752527137695 13.4082230816181 30.075305150407 41.2716234596348
67000 67 0.33 0.883527150731278 -0.708835655108124 -1.19012861550234 282.330262136213 13.2484112008568 30.2516647273492 41.4273654349542
68000 68 0.335 -0.678365954715881 -1.18150933339713 -3.77274648633099 312.009904202974 13.171476073704 30.2524031053917 41.5831074102735
69000 69 0.34 1.2720605098941 -1.34060984129804 0.0841640886960068 289.099469103678 13.1759648206409 30.1680312945705 41.7388493855929
70000 70 0.345000000000001 1.69663843530199 -0.500796620786762 -0.24604501018095 284.363518928999 13.2051425548243 30.0472951468757 41.8945913609123
71000 71 0.35 2.11425306505933 0.011535044252082 0.306148447626988 288.846502023686 13.1506442851354 29.9855453300582 42.0503333362317
72000 72 0.355 2.48192024469306 0.107567474004648 -0.0232514744388916 177.596358809294 13.1332021406569 29.8978123663411 42.206075311551
73000 73 0.36 2.09627228001081 -0.120300924127499 0.209990193055512 340.506916375596 13.1548379115501 29.8287830525481 42.3618172868704
74000 74 0.365000000000001 1.87200391096245 -0.212425342454573 0.0628373375307405 321.442310701452 13.1702798707925 29.606608925248 42.5175592621898
75000 75 0.37 1.30817755923475 -0.817417256821038 -0.86608700258889 263.097725572999 13.1758416959951 29.6947890609944 42.6733012375092
76000 76 0.375 3.16614970686702 0.189575920730442 0.407630375362076 284.703685513194 13.0628598246052 29.7169067487162 42.8290432128285
77000 77 0.38 2.37111643568334 -0.0641140777192219 -0.116338995659412 311.057438999436 13.0747907405773 29.5337979238746 42.9847851881479
78000 78 0.385000000000001 2.35418951572625 -0.385231021543246 -0.0575097086011156 294.327950694536 13.0186116049046 29.5386701241094 43.1405271634673
79000 79 0.39 2.90445980631333 0.00821250896209125 0.165906056774425 300.130753290733 13.0522756807108 29.3798477805358 43.2962691387867
80000 80 0.395 2.07589830488244 -0.0190804477129459 -0.0511311479512584 264.00448702723 12.9850342067528 29.5201092629337 43.452011114106
81000 81 0.400000000000001 1.65212466793328 -0.273351835996014 0.0016720557967929 318.921883259011 12.9853562479691 29.3148999496463 43.6077530894254
82000 82 0.405 2.2510596023253 0.102203107041386 -0.0476745839277166 271.320480037003 12.977928745832 29.1866826286403 43.7634950647448
83000 83 0.41 2.4214531727511 -0.431957239076849 0.141975424946535 319.416965456978 12.9044943939806 29.2892390615599 43.9192370400642
84000 84 0.415 2.69593498086025 0.0277560974922013 0.358191798152164 278.421041288016 12.9262331716234 29.143335609839 44.0749790153836
85000 85 0.420000000000001 1.99389255105871 -0.204130826631169 -0.677799783186169 312.444523343931 12.9167486347465 29.0048377678881 44.2307209907029
86000 86 0.425 2.6299273850643 -0.0288626141768061 0.371990377043353 279.228405663125 12.8393626130381 29.130145469026 44.3864629660223
87000 87 0.43 2.88750976521963 -0.248549604764308 0.156434254689278 328.411865486514 12.8504750450174 29.0299952378583 44.5422049413417
88000 88 0.435 3.02967572720354 0.215535569701905 0.185863208650097 300.41479276185 12.8420217654299 28.918567936768 44.6979469166611
89000 89 0.440000000000001 3.26368726467846 0.0237057853121513 -0.321592697121843 311.094546953495 12.8405178404871 28.8364110022414 44.8536888919804
90000 90 0.445 3.16819041491076 -0.196557020244997 0.152056040008766 303.793051614112 12.7830667518211 28.8517721667753 45.0094308672998
91000 91 0.450000000000001 2.58597388916989 -0.289292872429022 -0.406823959922139 305.805789908545 12.7907227261625 28.6919502818021 45.1651728426192
92000 92 0.455 2.98971105498052 0.311408986726514 0.323195131090812 206.827959785382 12.7286019053686 28.7999541938829 45.3209148179386
93000 93 0.460000000000001 2.26296037152074 0.144901113517585 0.376013967415596 401.551932202821 12.7467824257989 28.74401075765 45.476656793258
94000 94 0.465 1.85746648049945 -0.103089677887958 -0.0942222546021042 255.235606950981 12.6929750555953 28.6091810062328 45.6323987685773
95000 95 0.47 2.22982934507457 0.040004918393498 -0.226560010245903 325.057058059212 12.6522656913083 28.6581246533291 45.7881407438967
96000 96 0.475 2.27140931184627 -0.167946788690252 -0.00159469894505053 277.965361188754 12.5797039138919 28.6856506975514 45.9438827192161
97000 97 0.48 2.36278970537476 -0.0932819024878029 0.0908797925548043 289.223548664878 12.5162419200365 28.7748751041381 46.0996246945355
98000 98 0.485 1.82974853523689 0.0839758079103773 0.0501704299660268 284.727140549529 12.4542953433116 28.7386383128256 46.2553666698548
99000 99 0.49 2.20265065006323 -0.170777457378722 -0.134435959235885 310.814246716786 12.4232467681512 28.7607564020452 46.4111086451742
100000 100 0.495000000000001 2.25784192374991 0.321704042152847 -0.122863267564307 302.954852867857 12.4017946027592 28.7350584046678 46.5668506204936
101000 101 0.5 2.79897520111013 0.010144297289489 0.204471418716584 313.764694709433 12.3624146412451 28.7540956368899 46.722592595813
