step time_ps strain stress_z_GPa stress_x_GPa stress_y_GPa temp_K lx_A ly_A lz_A
1000 1 4.35422623970548e-16 -2.07703125538512 1.14479599641757 1.58840764639932 1018.2225151464 14.8079841765527 14.1736522122663 65.2738462949653
2000 2 0.00500000000000046 -3.81186670892302 -1.01750964329672 -0.683298409091557 1012.90875156315 14.6818530107257 14.009613508075 65.6002155264402
3000 3 0.0100000000000005 -14.739287429841 -2.88507781680174 -6.87439136196965 1234.57896168802 14.7002644057776 13.9900437952732 65.926584757915
4000 4 0.0150000000000005 -3.73393266828186 -0.7875011440667 -0.72506345047804 996.446218856217 14.7311474850977 13.8885617935417 66.2529539893898
5000 5 0.0200000000000005 -2.79599159746747 0.397432512275996 0.638314896409643 1025.76978571435 14.7633962284245 13.7885379069198 66.5793232208646
6000 6 0.0250000000000004 -2.80630003251634 0.0675006738546571 0.0427430733905175 948.953837805454 14.7615855373434 13.6886050401469 66.9056924523395
7000 7 0.0300000000000004 -8.25981513940522 -5.31611903792393 3.93663020051014 1178.99047602406 14.7149279601887 13.7032149556294 67.2320616838143
8000 8 0.0350000000000004 -2.50282686176638 -0.411769988008381 0.0412297717235011 1024.7113244897 14.809602401766 13.5472993499249 67.5584309152891
9000 9 0.0400000000000004 -1.78031273716912 0.147778702382781 0.352793816186771 975.779125786004 14.8419981630877 13.4383047996415 67.8848001467639
10000 10 0.0450000000000005 -2.56343527728241 -1.67515400272685 -0.58700963975767 1268.85522244964 14.7128974481222 13.5304333111137 68.2111693782388
11000 11 0.0500000000000003 -11.8801585172081 -5.20982939647193 -7.42829772771923 1346.02283163055 14.7541001523268 13.3980488915976 68.5375386097136
12000 12 0.0550000000000005 -1.24914601550576 -0.303673955379198 0.0180601006649024 1038.30788396596 14.7882728677209 13.326087333968 68.8639078411884
13000 13 0.0600000000000003 -0.978355225560795 -0.530752450666814 -0.580363882075291 1068.145226777 14.7062554347553 13.2314026050481 69.1902770726632
14000 14 0.0650000000000004 -0.123285773840235 0.797003220319076 0.397421733710762 1005.79220663768 14.7702637596768 13.2345190067836 69.5166463041381
15000 15 0.0700000000000004 2.60055065793586 -1.94231248977204 -0.124772565402555 1024.05509850305 14.6057619750927 13.2175293136226 69.8430155356129
16000 16 0.0750000000000004 0.623781287797705 0.722843018899573 0.461512929058558 1016.82515031411 14.6558220903356 13.1939088126221 70.1693847670877
17000 17 0.0800000000000005 0.841323521070131 -0.19847034870584 -0.224942839533925 1062.39673630935 14.56826154181 13.1949899381246 70.4957539985625
18000 18 0.0850000000000003 1.72663637600002 0.517805300920752 0.389338200738022 987.61212337456 14.5993725975374 13.1469389749305 70.8221232300374
19000 19 0.0900000000000005 1.80878288914926 -0.348855141488171 -0.295616220679248 1041.72187083039 14.5411441228185 13.08909805864 71.1484924615122
20000 20 0.0950000000000003 -0.722892922786769 -0.625783574362298 -1.4660535886314 1031.39716396881 14.5503916738685 13.0537260135191 71.474861692987
21000 21 0.100000000000001 1.19765419437909 -0.226642903457609 0.624935021032017 974.181537962509 14.4919831923677 13.0974251619507 71.8012309244619
22000 22 0.105 2.98507331835314 0.507153609787053 0.167609487345913 1015.43738833994 14.5733152555098 13.0147368388244 72.1276001559367
23000 23 0.11 2.7416383249152 -0.324526441735074 -0.580651937690015 1040.85370748525 14.5104141793911 12.9518143930796 72.4539693874115
24000 24 0.115 3.01936744045256 0.425553042945201 -0.0841333555680566 956.357107929687 14.5181562854338 12.9276458419116 72.7803386188863
25000 25 0.12 1.59049349902787 -0.673128451682902 -1.92887234131786 1124.47245036427 14.406252037124 12.8777603725417 73.1067078503612
26000 26 0.125 4.13773471439627 0.90796682707099 0.472319074995102 916.089662487564 14.5381288792826 12.8954761310348 73.433077081836
27000 27 0.13 2.76807829463993 0.103212124749486 -0.42611242969674 999.702077357755 14.5077871473548 12.8503532486567 73.7594463133108
28000 28 0.135000000000001 3.13972658466986 0.488224066994058 0.802560290310954 1059.24722537165 14.4034480956536 12.9301229071507 74.0858155447856
29000 29 0.14 2.81243130582183 -0.490243204324994 0.0405224877096829 1004.79074810962 14.3526729034138 12.8583753723586 74.4121847762605
30000 30 0.145000000000001 5.9915729434581 -2.71132631557128 -2.83620347947657 1084.6195872784 14.3518967860888 12.8443744177484 74.7385540077353
31000 31 0.15 2.36139840932855 0.064328532701403 0.0302997381807831 989.155258647053 14.3378531270308 12.7912470071488 75.0649232392101
32000 32 0.155 3.69612027351804 1.48494579513256 0.479372611153805 1021.94967943251 14.4271108592323 12.7066411144693 75.3912924706849
33000 33 0.16 3.21072943685838 0.0658408634887578 0.358537681936739 977.605158355416 14.2101885703668 12.7857999794437 75.7176617021598
34000 34 0.165000000000001 2.8500220064197 -0.73109538828719 -0.215292815163859 1039.90507765294 14.2033203482797 12.7372248467958 76.0440309336346
35000 35 0.170000000000001 3.1845301775826 -0.137778176749452 -0.282987400965205 967.237245169136 14.2762658497744 12.6435005517116 76.3704001651094
36000 36 0.175 7.41169323915572 2.22764910238454 0.291498757129769 1006.89007252524 14.2506959688946 12.6167955508551 76.6967693965842
37000 37 0.180000000000001 2.08139351408682 -0.972911858583835 -1.1068567813554 1034.8968731233 14.1919514594761 12.5573081343012 77.0231386280591
38000 38 0.185 3.53794544589178 3.19688670994262 1.22819466579891 1098.19418985078 14.1147837162007 12.6224518767056 77.3495078595339
39000 39 0.190000000000001 3.22407188404612 0.103266551977559 0.403345059376923 978.821318903119 14.1420172399572 12.6311378178757 77.6758770910087
40000 40 0.195 2.9066811854057 -0.505881088024887 0.408488982620219 1004.33327062192 14.1291818397166 12.5471492997434 78.0022463224836
41000 41 0.2 3.60334510582918 0.102381860548849 -0.398827888990063 1021.65454954403 14.1705937631224 12.4590644236479 78.3286155539584
42000 42 0.205000000000001 3.34619017936928 0.151282622330131 -0.753675880121729 1039.79869042061 14.1836127114503 12.3879598788881 78.6549847854332
43000 43 0.21 3.85958572000183 -0.508934803272883 -0.108753416651646 1002.66558374373 14.0353609841832 12.4473110442655 78.981354016908
44000 44 0.215000000000001 4.53733952780786 0.127008900829498 0.183387043906062 972.548271639479 14.0539473252054 12.4679476290593 79.3077232483829
45000 45 0.22 3.5467136226566 -0.580670166160527 -0.430624316881949 1068.57528548891 13.987620243892 12.4317705290103 79.6340924798577
46000 46 0.225000000000001 3.02865543541799 -0.0822382202929869 -0.0727519310439571 1076.11941989107 14.0458394264848 12.4144664497149 79.9604617113325
47000 47 0.23 3.05084047542851 -0.488700579133387 0.156145611950601 983.251661412801 13.9404958180057 12.3721571389818 80.2868309428073
48000 48 0.235 4.42546969725811 0.0469077817597296 0.303414759659318 1100.45522817415 13.9558457158017 12.3828330528689 80.6132001742822
49000 49 0.24 3.70525993976889 0.454890553231202 0.506478135100918 956.557807800293 14.0388099063038 12.2564919164055 80.939569405757
50000 50 0.245000000000001 3.59209757925797 -0.478935795934955 0.363921367912422 1026.12245895611 13.95710044721 12.2683085519341 81.2659386372318
51000 51 0.250000000000001 3.62275583243098 -0.0842592012004016 0.674401011328659 1045.61322104906 13.9318791495791 12.2158155468387 81.5923078687067
52000 52 0.255000000000001 3.17169993400069 -0.259983831762483 -0.493300709057247 999.37190813638 14.0067891931226 12.0829711573121 81.9186771001815
53000 53 0.260000000000001 3.63147798182205 0.142262377349785 0.136229663381252 999.616527549926 13.9830382170792 12.1165243505952 82.2450463316563
54000 54 0.265 4.20608930636632 0.118472533610828 0.330253772562042 1015.41008131018 13.9275984675078 12.0600926927367 82.5714155631311
55000 55 0.270000000000001 3.22829834704209 -0.665085368556533 -0.234646859707118 986.687874810354 13.8863853417094 12.0794233824268 82.897784794606
56000 56 0.275 3.18814194835275 0.135089411137615 -0.141909833114025 1004.50865970082 13.910043400317 11.9767257570265 83.2241540260808
57000 57 0.280000000000001 3.12039306366882 -0.0184891301918721 0.0438052545838536 1028.7769827327 13.8213705614695 12.0083218460757 83.5505232575556
58000 58 0.285000000000001 3.25219748109859 0.0807282670696736 0.223612780069138 951.920947062243 13.8342986798105 11.9487608009548 83.8768924890304
59000 59 0.29 1.30484532760037 -0.361370469971015 -0.394502861764394 1007.79475890946 13.9111847338764 11.7566680059584 84.2032617205053
60000 60 0.295000000000001 1.98548629056419 0.504659129728028 0.409898085285368 1034.2480920082 13.9683151242891 11.745449018524 84.5296309519801
61000 61 0.3 0.909151405135263 -0.0531112430981442 -0.513794823879667 1043.77854166063 14.0476777336683 11.5530461741796 84.8560001834549
62000 62 0.305000000000001 0.821747700011182 0.00365669665572097 0.1844407106417 989.687604225329 14.0238913092298 11.5121762325645 85.1823694149298
63000 63 0.31 -0.551690963188413 -0.667973382991308 -0.774919223875618 1018.40036864277 13.9174707303144 11.4443150752758 85.5087386464046
64000 64 0.315000000000001 1.5659589062065 1.89845683462113 1.83035654455079 1058.53448043122 14.0771012626932 11.400946118705 85.8351078778794
65000 65 0.320000000000001 1.54004497648769 2.18636593294719 1.77125290001534 972.741193925567 14.0628728686664 11.4629747052562 86.1614771093542
66000 66 0.325000000000001 -0.882349464915774 0.690522347200984 1.20839899186694 979.209801348132 13.9919209651063 11.4313918765709 86.4878463408291
67000 67 0.330000000000001 -0.0580864503850653 0.245970742227106 0.294098762361673 998.825310833679 13.929453789844 11.3194263374955 86.8142155723039
68000 68 0.335 0.611357421345981 -0.308382101837387 -0.00175504769091555 977.145668283764 13.8517353377114 11.3023029040602 87.1405848037787
69000 69 0.340000000000001 0.195521788716151 -0.160485027925011 -0.240876381853554 980.837112774976 13.7895840167856 11.3017840237269 87.4669540352535
70000 70 0.345 0.79195315335227 -0.228561275968373 -0.0524768516604846 1005.22636648319 13.8465073932768 11.2179123349287 87.7933232667284
71000 71 0.350000000000001 1.08260751949999 0.280651145593882 0.0215504681014729 998.508838566474 13.7935960660886 11.2086787929012 88.1196924982032
72000 72 0.355 1.46636811963845 -0.262449787839277 0.451197304369212 974.608821055074 13.7171473917768 11.2581468150476 88.446061729678
73000 73 0.36 2.44753107885673 0.397133681076201 0.261332342484614 1019.41865046048 13.7501938979903 11.1956677473699 88.7724309611528
74000 74 0.365000000000001 2.61166068892715 -0.0167226104853215 0.0213295692854129 1003.38111369003 13.6758214972967 11.1892528512926 89.0988001926277
75000 75 0.370000000000001 2.52579332965899 -0.581734489841318 0.329894283851792 983.002538884205 13.5807083704413 11.2430886735655 89.4251694241025
76000 76 0.375000000000001 2.59006410673451 -0.71074727580768 0.176244256228013 972.782246844492 13.4722557443998 11.26590888468 89.7515386555773
77000 77 0.38 3.60481451268016 0.395827284471408 0.905414458218752 1040.34545289513 13.5821364074891 11.2186401471666 90.0779078870521
78000 78 0.385000000000001 3.07496092881391 -0.371357887461284 -0.981599726653736 1008.68644308328 13.5733802963926 11.1175967591819 90.404277118527
79000 79 0.39 3.86074226978279 0.211694505142874 -0.347533169333431 996.414746519014 13.5649349630151 11.1205182859263 90.7306463500018
80000 80 0.395000000000001 4.36662853266117 0.298994358424248 0.28078645845222 1027.54067590487 13.488698398058 11.202961965463 91.0570155814766
81000 81 0.400000000000001 4.13976400416558 -0.160758146812761 -0.0258971967567154 1021.06411279733 13.4575415331763 11.1671997112945 91.3833848129514
82000 82 0.405000000000001 5.28133561112485 0.303454947425309 0.122683914250191 1002.91918060828 13.4388374605397 11.1625194394466 91.7097540444263
83000 83 0.410000000000001 4.69932424821491 0.0628477084639932 0.488753858410289 1018.92425760957 13.423091006201 11.1650750117785 92.0361232759011
84000 84 0.415000000000001 5.28429648323211 0.449850235555006 0.469410345235007 1000.40473436755 13.4698351963414 11.1105382807549 92.3624925073759
85000 85 0.420000000000001 5.30127484532824 0.756595627748765 -0.281362101925821 999.065122830914 13.4721706520533 11.0585755468462 92.6888617388508
86000 86 0.425 5.19957778819188 0.30002057248181 0.319222922171856 1004.23625202732 13.3737283360015 11.1039175265124 93.0152309703256
87000 87 0.430000000000001 5.57544827445706 0.791707381294967 0.330562044002445 1020.95177126162 13.3271711804007 11.108506953499 93.3416002018004
88000 88 0.435 4.9821166117677 -0.369524731674532 -0.717990122339262 973.066520470941 13.2548528170873 11.0768706173981 93.6679694332752
89000 89 0.440000000000001 5.37135753562785 -0.391055224265138 -1.24265197611676 1008.03688333989 13.2917550332319 11.0623406190303 93.9943386647501
90000 90 0.445000000000001 5.57335952466065 -0.335886584403237 0.108760358783932 987.08566853013 13.1870941158691 11.1044503962123 94.3207078962249
91000 91 0.450000000000001 5.11042695640914 -0.704478132146751 -0.849306420206594 1034.18782559156 13.2375092447806 11.0234923930051 94.6470771276997
92000 92 0.455000000000001 5.89543679319962 0.123784239987447 0.0878675394876048 997.554540706906 13.1342805741421 11.1156687131088 94.9734463591745
93000 93 0.460000000000001 5.49506864963312 0.056419690223218 -0.295544168339832 990.866078507785 13.1288398220668 11.056882221041 95.2998155906494
94000 94 0.465000000000001 6.12609549852924 0.84015573779159 0.27626558585116 996.848596943108 13.1380853780591 11.0513369047459 95.6261848221242
95000 95 0.47 5.24822597023219 0.0376814688693294 -0.280208287925128 988.909904820069 13.0479842972891 11.0623369684634 95.952554053599
96000 96 0.475000000000001 5.3452433326792 -0.0582474643326244 -0.249427219861158 976.386616443782 13.0364142438322 11.027847821898 96.2789232850739
97000 97 0.480000000000001 5.67057762080159 0.797237039842597 0.833108695199089 980.113254765288 13.0554626148705 11.0557449835021 96.6052925165487
98000 98 0.485000000000001 4.64597479010282 -0.742446244835433 -0.136531588750415 994.828813411993 13.0721493068599 10.9800059325202 96.9316617480235
99000 99 0.490000000000001 5.45804384624062 -0.0759122135486907 -0.0271365314898728 1001.40507548917 12.9659706837232 11.0082694365174 97.2580309794983
100000 100 0.495 5.27732459231859 0.198867802344131 0.165405065333442 966.429282708799 13.0158242207527 10.9448998492273 97.5844002109731
101000 101 0.500000000000001 5.49493388862938 -0.0867942876440018 -0.331794173522006 1021.63983445744 12.9787197168401 10.945128193174 97.910769442448
