step time_ps strain stress_z_GPa stress_x_GPa stress_y_GPa temp_K lx_A ly_A lz_A
1000 1 -9.06391017191778e-16 -0.365219828417502 -0.680643876737981 1.13137953385396 304.365786801126 15.9221019761214 36.4393450264113 31.3570069554103
2000 2 0.0049999999999991 0.396587667210689 0.0165543362674217 0.0662761185031455 300.009695748672 17.0128244184853 34.0546605826634 31.5137919901873
3000 3 0.0099999999999991 1.17946392859606 0.069098550003163 -0.0673711471475407 298.18312443739 17.3460283144064 33.2621299991684 31.6705770249644
4000 4 0.0149999999999991 1.23842788254808 0.034533716552406 -0.143201370807657 302.496643705365 17.4255020976313 32.9455587775033 31.8273620597414
5000 5 0.0199999999999991 1.11981137757757 0.157675665910613 -0.0792567680212287 293.1083841054 17.5178572378655 32.5682016501981 31.9841470945185
6000 6 0.0249999999999991 1.48921532026364 -0.0756813270395597 -0.213553085111616 302.907493377832 17.4764852598408 32.4986416007697 32.1409321292955
7000 7 0.0299999999999991 1.67244133280718 0.00449950721118803 -0.172256404363009 298.998015925988 17.4439437590797 32.4062959013172 32.2977171640726
8000 8 0.0349999999999991 2.22967816270082 0.423016574292606 0.483196392554582 307.047008383203 17.4356473546342 32.3923680794888 32.4545021988496
9000 9 0.0399999999999991 1.81829909953941 -0.123622878376684 -0.393976962511142 290.676477766678 17.3787468305242 32.1817382516502 32.6112872336267
10000 10 0.0449999999999991 2.10574882141709 -0.148414895355936 -0.130746548096558 304.773235360906 17.4070622398941 32.0713029459887 32.7680722684037
11000 11 0.0499999999999991 2.34752892882505 -0.500706764804369 -0.052369665014005 303.923544314247 17.33358021122 32.0280516540647 32.9248573031808
12000 12 0.0549999999999991 2.48320088717799 -0.255357229809586 -0.374000284194011 296.325014967103 17.3610422000777 31.8206899945082 33.0816423379578
13000 13 0.0599999999999992 2.67864402491905 -0.0897630884541697 -0.301586626025509 305.557417518107 17.357413266217 31.7652896391879 33.2384273727349
14000 14 0.0649999999999989 2.56762294741292 -0.118490080026751 -0.351932263165916 308.777389821428 17.3599138024832 31.5792414930283 33.3952124075119
15000 15 0.0699999999999992 2.28853501248358 -0.0269972943228748 -0.16618876624486 300.420948227376 17.3381187838173 31.4566650809896 33.551997442289
16000 16 0.0749999999999989 2.21791589246049 0.204521114028743 0.164981998202101 307.214735773345 17.3885321355761 31.288594764413 33.708782477066
17000 17 0.0799999999999989 1.79085739347371 0.406016534695711 0.215876276943379 300.983676752969 17.4720050828931 30.9465877297201 33.8655675118431
18000 18 0.0849999999999989 1.5985341127792 0.364293973031835 0.0539855008583044 292.934235886218 17.4161005936839 30.895867763819 34.0223525466201
19000 19 0.0899999999999989 0.348435293238745 -0.332430968079964 -0.202790066346417 297.229216540942 17.3857766981631 30.6185098785349 34.1791375813972
20000 20 0.0949999999999989 -0.0727042619830667 -0.334175902610354 -0.398397463196036 310.754379872942 17.4840995137826 30.2620804096458 34.3359226161742
21000 21 0.099999999999999 0.430465835245498 0.0670435833911485 0.156244550575848 289.656023132861 17.5040228022161 30.1466850790636 34.4927076509513
22000 22 0.104999999999999 0.0178813009884835 0.0615570665930936 -0.235113127583777 287.275700125054 17.5755554504634 29.8054873357126 34.6494926857283
23000 23 0.109999999999999 0.371902044220192 -0.0716150515806017 0.120945809047655 298.858989111209 17.593054586788 29.686949112775 34.8062777205054
24000 24 0.114999999999999 0.441010759599216 0.283083275176466 0.180706822129794 295.568774563895 17.6997111073498 29.4026588793258 34.9630627552825
25000 25 0.119999999999999 0.363899845983391 -0.101866509454849 0.0898949477253364 295.418333264868 17.656334213214 29.2631119272942 35.1198477900595
26000 26 0.124999999999999 0.4556016760886 0.292289629764279 0.32321168976295 304.360816634891 17.7618741597269 29.012489081485 35.2766328248366
27000 27 0.129999999999999 0.47320910366844 0.471291333379407 0.0970748401405594 298.850117510554 17.8539129003919 28.7078491582908 35.4334178596136
28000 28 0.134999999999999 0.818180749955042 0.561945055604352 0.459373930976641 300.012071622659 17.855210501104 28.5879461280585 35.5902028943907
29000 29 0.139999999999999 1.4382971150221 0.42075519372903 0.552787453944419 303.18838374932 17.7855264923615 28.6432164766274 35.7469879291677
30000 30 0.144999999999999 1.29160849593629 0.541366023588875 0.21823920170186 301.723489409988 17.8499231096414 28.3563682737231 35.9037729639448
31000 31 0.149999999999999 1.55626654051637 0.265760629403513 0.413039480069069 283.490867831872 17.892114693563 28.1994678148083 36.0605579987218
32000 32 0.154999999999999 1.52641686419417 0.0477969996765958 -0.189832333089132 305.31594273553 17.8670463883294 28.0737712674874 36.2173430334989
33000 33 0.159999999999999 2.07317360779165 0.274966400755721 -0.0178702675845208 294.045727260018 17.9503955771636 27.8652088785229 36.3741280682759
34000 34 0.164999999999999 2.38503645806553 0.343049838880611 -0.027748615738176 303.892212725456 17.9715532045389 27.755632614265 36.530913103053
35000 35 0.169999999999999 2.79887569360803 0.0525082706343864 0.293882306566502 294.678081973706 17.9363365995327 27.6797578767914 36.68769813783
36000 36 0.174999999999999 2.89676617340039 -0.0803535918315274 0.206893822189239 299.15667297413 17.9578735035767 27.5099328364392 36.8444831726071
37000 37 0.179999999999999 2.57910720640998 0.293249475123528 0.134968487584692 307.159850954644 18.0673512562653 27.2198073917517 37.0012682073841
38000 38 0.184999999999999 2.83023693349348 0.246712821288245 0.167472566417505 286.32469795658 18.0476092496181 27.1467695383832 37.1580532421612
39000 39 0.189999999999999 2.86059599367553 -0.0317832630077619 0.102053387160648 307.421533787331 18.0943553949483 26.9180521258064 37.3148382769382
40000 40 0.194999999999999 3.19329965335017 0.0959627134899254 0.226503186705506 296.393601593384 18.0685935986682 26.9018853393466 37.4716233117153
41000 41 0.199999999999999 3.63164662668863 0.104445537269105 -0.135628572961662 304.397947998588 18.0778110691052 26.7937603860947 37.6284083464923
42000 42 0.204999999999999 3.66357861934371 -0.240497302734729 -0.265947829556799 283.970344085316 18.0205797118082 26.734976585179 37.7851933812694
43000 43 0.209999999999999 3.97923463799999 -0.44541205266734 0.0537916927590503 288.279366272029 17.971886668595 26.7165776012191 37.9419784160464
44000 44 0.214999999999999 3.4640630354325 0.000791727161028726 -0.128760147268308 301.576009366293 18.0064101862469 26.5734058447902 38.0987634508235
45000 45 0.219999999999999 3.86392350522971 -0.335011710379656 -0.0607599234571294 308.785455476961 17.9384894858617 26.599520724304 38.2555484856005
46000 46 0.224999999999999 3.05120171860654 -0.294382874153912 -0.367576913949638 299.93922905907 17.9722728697226 26.3701020153812 38.4123335203776
47000 47 0.229999999999999 3.44858425804478 -0.00297003336893711 0.147298169737654 299.537608125468 17.9685000891374 26.3320067907359 38.5691185551546
48000 48 0.234999999999999 3.17375044490187 0.0104024312085336 -0.156908941696071 307.320704964304 17.970375468136 26.2188625327771 38.7259035899317
49000 49 0.239999999999999 3.14235950864122 -0.137496252302565 0.314145961888533 296.226166268583 17.9925929119966 26.0614136897423 38.8826886247087
50000 50 0.244999999999999 2.78697556700676 -0.0596868756820232 0.0777193030208426 301.751788771369 17.9378145545147 26.0257857209781 39.0394736594858
51000 51 0.249999999999999 2.84457107733641 -0.207761436018169 -0.17017945737255 295.796994556404 17.9447966606084 25.8770405780987 39.1962586942628
52000 52 0.254999999999999 2.12643581944856 -0.128334042917906 -0.379601042725 316.617970054284 18.1192630620795 25.4385296379102 39.3530437290399
53000 53 0.259999999999999 2.13746569921272 -0.539274175669828 -0.161612293896187 303.082861869621 18.0111736166088 25.4878434619083 39.5098287638169
54000 54 0.264999999999999 2.73057006976454 0.0496979766306213 0.116174183108795 308.030440254998 18.0524885351444 25.4112770134398 39.666613798594
55000 55 0.269999999999999 3.15566873131081 0.0965109025609599 0.361134999549176 318.963376083739 18.0597159545253 25.3495652073443 39.823398833371
56000 56 0.274999999999999 3.50788708666103 0.475138443106626 0.226015929925854 284.165193870393 18.0899178424051 25.2204664111548 39.9801838681481
57000 57 0.279999999999999 3.46644134272296 0.181030349649269 0.295357289761122 312.107958085598 18.0356905193156 25.183878812309 40.1369689029251
58000 58 0.284999999999999 2.5647034546101 0.102325300064504 -0.00255323270414445 287.247033845568 18.0601841911381 24.9836095971236 40.2937539377022
59000 59 0.289999999999999 1.29256556099663 0.306287379641495 0.0926498028903731 295.653888177979 18.0302884438348 24.9034582726498 40.4505389724793
60000 60 0.294999999999999 0.910389845932695 -0.258604859934152 -0.335629734362492 292.191347711838 18.0589823981708 24.6778735701581 40.6073240072563
61000 61 0.299999999999999 1.23905473736637 -0.218983742946459 -0.104596791713953 306.528587493253 18.0934204952619 24.5418495044435 40.7641090420334
62000 62 0.304999999999999 1.32446377383282 -0.189713867332555 -0.0909721106474921 299.922840696329 18.1091020586838 24.4838743451742 40.9208940768104
63000 63 0.309999999999999 1.15117363992234 -0.197175775919356 -0.155914884155485 298.825347093943 18.0700601800158 24.3964249460103 41.0776791115875
64000 64 0.314999999999999 1.28618852860358 -0.185582100398387 -0.185557428209055 296.726539185136 18.0576067493651 24.3182370335982 41.2344641463645
65000 65 0.319999999999999 1.6133899305824 -0.340916247629493 -0.204531682020737 302.762544982319 18.0457739399538 24.2473422426876 41.3912491811416
66000 66 0.324999999999999 1.91260363107898 -0.245097549706427 -0.162237823272728 292.859010329237 18.0437617749301 24.1647688872407 41.5480342159186
67000 67 0.329999999999999 1.91748293967877 -0.119583737522202 -0.00513778170439846 310.961204565795 18.0841540435554 24.0407345048306 41.7048192506957
68000 68 0.334999999999999 2.29468155019501 0.0333081818206098 0.102675542221898 296.464658932579 18.0797971823134 23.9680550099109 41.8616042854727
69000 69 0.339999999999999 2.60101205641332 0.0752394673771829 -0.0820330040742631 295.12784673843 18.0760684603947 23.9042212231258 42.0183893202498
70000 70 0.344999999999999 2.51133637462505 -0.115848424889718 -0.368664215698002 290.217189269696 18.0898851638746 23.7574995484102 42.1751743550268
71000 71 0.349999999999999 2.91168582399177 -0.521494165558496 -0.277317033357039 312.006925356969 18.0517628897395 23.7410465803063 42.3319593898039
72000 72 0.354999999999999 3.14468951818952 -0.259120381407395 -0.0228298047518282 304.062113520401 18.0748660804725 23.6692369428935 42.4887444245809
73000 73 0.359999999999999 2.88547198492823 -0.335420870884019 -0.210919721678049 305.682901626999 18.0986777967036 23.5362542575308 42.645529459358
74000 74 0.364999999999999 3.31819054638333 -0.228150068386806 0.0735872938001519 309.598146499597 18.0356326396377 23.5889898347244 42.802314494135
75000 75 0.369999999999999 3.37043599915812 0.0601224851993467 0.372228738891964 292.732110214026 18.0609964784586 23.4946762635163 42.9590995289121
76000 76 0.374999999999999 3.61176133937832 0.114285075064335 0.285544332484039 304.686982656789 17.974811728962 23.5617823374457 43.1158845636891
77000 77 0.379999999999999 2.57963240936385 0.0197919196084647 0.354442892816836 299.590659014811 17.9859327527189 23.4039016389962 43.2726695984662
78000 78 0.384999999999999 2.57959054534013 -0.132070388745992 -0.00222741012975176 303.219841214439 18.0173795725689 23.2425235740514 43.4294546332432
79000 79 0.389999999999999 2.58673776067186 -0.295119741586812 0.0396553302372518 298.105250584009 17.9561007798852 23.2684626056321 43.5862396680203
80000 80 0.394999999999999 2.47159573179556 -0.343074251669876 -0.139351171087253 307.924227440757 17.8838775452562 23.263170912459 43.7430247027973
81000 81 0.399999999999999 2.71511655386666 -0.0803500484225308 -0.0543041237587889 303.395953742395 17.9412115229488 23.1424944082337 43.8998097375744
82000 82 0.404999999999999 2.91079534966455 -0.199098541423416 -0.119135092482001 297.98985535909 17.911772353775 23.1193255724677 44.0565947723514
83000 83 0.409999999999999 2.4383630248375 -0.144205200919658 0.090550243184564 310.355355606471 17.924771178419 23.0276720785941 44.2133798071285
84000 84 0.414999999999999 2.66516251462512 0.269218744496507 0.239776741753738 300.394255521717 17.9269647426928 22.9642390966411 44.3701648419055
85000 85 0.419999999999999 1.85467028302124 0.169218913746288 -0.0160505595821049 302.149203799887 17.9927480811193 22.7535185302153 44.5269498766826
86000 86 0.424999999999999 1.11389841989145 -0.119221835861093 0.112271649908255 302.773025974464 17.9617487063637 22.669930182946 44.6837349114596
87000 87 0.429999999999999 0.775674059741025 -0.382325725585499 -0.424246722130309 298.81136339471 17.977199355285 22.5334494934026 44.8405199462367
88000 88 0.434999999999999 1.67097498645368 0.0128708015262865 0.219880902464222 297.471816416636 17.9807783829108 22.567708252607 44.9973049810137
89000 89 0.439999999999999 1.45809660190406 0.10749127265598 0.139138976453697 287.673546671856 17.982180837731 22.4435572508609 45.1540900157908
90000 90 0.444999999999999 1.73408238747779 -0.230911998367442 -0.1402167151357 303.49561956911 17.9344516037769 22.4362444118996 45.3108750505678
91000 91 0.449999999999999 2.05422435621824 -0.106619170358592 -0.194278059269392 289.698739726916 17.9576035016756 22.3380876240389 45.4676600853449
92000 92 0.454999999999999 2.06213547899424 -0.495621854442534 -0.509143186741074 310.638048786384 17.9439874662283 22.2374993688928 45.6244451201219
93000 93 0.459999999999999 1.96447727224447 -0.11030615268338 -0.136495894185936 287.877064236606 17.9382956369458 22.226554659784 45.781230154899
94000 94 0.464999999999999 2.44821284813582 0.308848665853932 -0.0684035303421864 305.397171706115 17.9506310918823 22.1633749656685 45.9380151896761
95000 95 0.469999999999999 2.30352980106459 0.401198247427824 0.13953659319975 301.043989737284 17.8772064489117 22.2006940808382 46.0948002244531
96000 96 0.474999999999999 2.8925946769171 -0.0946355017131288 0.0683451734500157 289.585359592804 17.8344070562263 22.1320194485034 46.2515852592302
97000 97 0.479999999999999 3.07550022946433 0.312861440226299 0.229262661335494 309.659522831199 17.8823380267722 22.0729393669188 46.4083702940072
98000 98 0.484999999999999 3.09181911154685 -0.0277515612200601 -0.147085258790118 294.938900265772 17.8440808183807 22.0053315479393 46.5651553287843
99000 99 0.489999999999999 3.41119506060277 0.183662450027381 0.245277535356136 295.497257236769 17.8339630837886 22.0239085004298 46.7219403635613
100000 100 0.494999999999999 3.4637811187742 -0.101808181021546 0.308497674728845 300.566139535247 17.771844523068 22.0285258181518 46.8787253983384
101000 101 0.499999999999999 3.09682979810115 0.0583642105970384 0.137811361225668 314.916482047985 17.7274554186269 21.9916270123812 47.0355104331154
