step time_ps strain stress_z_GPa stress_x_GPa stress_y_GPa temp_K lx_A ly_A lz_A
1000 1 -6.44419271172982e-16 -0.300805399225195 0.406801267307562 -0.202873339962306 294.879399645736 31.4152454321123 15.9892314351421 33.0782815262535
2000 2 0.00499999999999918 0.967388920038985 0.215666529996221 0.0712839978994612 297.627728380965 31.1166426117267 16.1054323228576 33.2436729338847
3000 3 0.00999999999999922 0.265812775593893 -0.0289319462917216 -0.384645981020048 296.290140912648 30.9950682408439 16.0148175929746 33.409064341516
4000 4 0.0149999999999993 0.985245515133295 -0.0381200375113864 0.217616619484772 296.913459835987 30.9123800965726 16.0139569220862 33.5744557491473
5000 5 0.0199999999999993 0.897576112970747 -0.406807308813213 -0.198152820538546 315.575353701645 30.8094762441948 15.9807138847071 33.7398471567785
6000 6 0.0249999999999993 1.52733224809173 -0.0614656857064482 0.202555011162177 296.025720625698 30.7609233170464 15.9416704053264 33.9052385644098
7000 7 0.0299999999999992 1.68491993804895 0.00630852083911963 0.263139461231123 304.322173646899 30.6248648098282 15.948952510402 34.0706299720411
8000 8 0.0349999999999992 1.64236121474536 -0.267239812896471 -0.501091615908824 297.242276247633 30.7057328125146 15.795329090867 34.2360213796723
9000 9 0.0399999999999992 2.54111988426078 0.270821938156427 0.225851387349465 297.408604263045 30.7288599538178 15.764942191456 34.4014127873036
10000 10 0.0449999999999993 2.67661999997314 0.501461008919549 0.233083086596758 299.763572878405 30.7138368999331 15.7185729302493 34.5668041949349
11000 11 0.0499999999999993 3.13813512403343 0.234325254666252 0.330946858005237 302.512217416244 30.535332169656 15.7422482037921 34.7321956025662
12000 12 0.0549999999999991 3.0865226435551 0.0688314025976091 0.177798096827657 304.779442888175 30.5727510729096 15.6156191405044 34.8975870101974
13000 13 0.0599999999999992 2.92205055118504 -0.232717916522999 0.187207288948327 298.988087809502 30.4107258409232 15.6223686642227 35.0629784178287
14000 14 0.0649999999999992 3.65808327399503 0.501551521248156 0.563347688143292 289.330280018792 30.4842035091663 15.5643526661145 35.2283698254599
15000 15 0.0699999999999993 3.3548699882502 -0.0318761280670927 -0.121846870624177 308.953703565516 30.3775678885789 15.530097472822 35.3937612330912
16000 16 0.0749999999999993 3.54341849471952 0.26433740933147 0.287141222550394 286.522028980093 30.3073449208007 15.5128247568633 35.5591526407225
17000 17 0.0799999999999991 6.64482519593591 3.55236136860564 3.99949407165575 373.17670212634 30.267551812093 15.5276748888728 35.7245440483537
18000 18 0.0849999999999992 4.25935189606011 -0.295547700357528 -0.0749533225194837 300.067603136182 30.1430936675614 15.5000381917183 35.889935455985
19000 19 0.0899999999999992 4.23918266021052 -0.210396326394161 -0.112619470574133 290.335270585468 30.1621845278557 15.3972757871264 36.0553268636163
20000 20 0.0949999999999993 4.51805674243497 0.012866566609309 0.178353192961512 305.820423250644 29.947380192322 15.4231080852275 36.2207182712476
21000 21 0.0999999999999993 4.29324042818229 0.493098664134554 0.953767396089124 299.073671767269 29.93912231737 15.3757938526266 36.3861096788788
22000 22 0.104999999999999 -1.96221478998237 -7.72903999545003 0.224961398875371 283.712278860588 29.8445758593886 15.3570453311453 36.5515010865101
23000 23 0.109999999999999 3.01731856639807 -0.982199162719047 1.60187444272047 293.243326391115 29.7520728676201 15.336490039482 36.7168924941414
24000 24 0.114999999999999 1.62835176323148 -1.14324783052971 -0.187609887184519 304.424867955195 29.7542326212813 15.2644850388974 36.8822839017726
25000 25 0.119999999999999 2.58508490456147 -0.270743675291572 1.77243248444581 301.318709860449 29.6290349332693 15.2820081645893 37.0476753094039
26000 26 0.124999999999999 7.1139384799545 3.78064749679591 -0.560835002828308 308.05262225116 29.6646372649763 15.2117318982214 37.2130667170352
27000 27 0.129999999999999 3.36140193387225 -0.672298961018726 0.554448357006265 317.84462576321 29.6509972719594 15.2150904864669 37.3784581246664
28000 28 0.134999999999999 7.12938806357566 4.0157938981888 -1.87465654393584 282.01448998995 29.5280753368625 15.1771473352661 37.5438495322977
29000 29 0.139999999999999 -1.77084995003064 -6.80207754642474 1.54615647805826 301.484763204702 29.6421724795927 15.0262718937858 37.709240939929
30000 30 0.144999999999999 5.24387131351572 1.75842467567326 -0.597066863100313 314.497437758 29.4828387990664 15.0410417444535 37.8746323475602
31000 31 0.149999999999999 6.59502942271204 2.63778585388793 -0.353422764030254 305.811968448111 29.4783041922432 14.9589548031582 38.0400237551915
32000 32 0.154999999999999 -0.0674573747722869 -3.42566659066019 2.07863591646823 325.417605599311 29.3199400757446 14.9253094845767 38.2054151628228
33000 33 0.159999999999999 4.62122826439674 0.529945206289513 0.300681475382494 283.390178358997 29.3340333815238 14.8950806616346 38.370806570454
34000 34 0.164999999999999 12.1110361532381 3.72199954201171 1.3414620302304 311.406138770673 29.297597642084 14.9140549984943 38.5361979780853
35000 35 0.169999999999999 0.531346389657578 -1.78788862598319 -0.266361226482975 278.127478595822 29.1522484629252 14.8810747577048 38.7015893857166
36000 36 0.174999999999999 10.0904458188704 5.22562519951783 3.31753470700244 345.61459621177 29.0660320201681 14.8562177299201 38.8669807933478
37000 37 0.179999999999999 3.65996743831616 -0.541913392292699 0.37883649257569 302.33436871145 28.946394103415 14.8961085586998 39.0323722009791
38000 38 0.184999999999999 11.4062194104024 5.60200872925646 3.8304724549167 288.442776217144 28.868667242228 14.909292716265 39.1977636086104
39000 39 0.189999999999999 7.29835549133847 4.36078178943996 1.99327959756745 319.820598715283 28.8088130177069 14.840557547359 39.3631550162416
40000 40 0.194999999999999 5.16151704237094 0.635017403765765 1.77166316108856 325.213324408716 28.9620637238392 14.6810947692346 39.5285464238729
41000 41 0.199999999999999 3.01943742106682 0.479763143051103 -2.52813547286472 275.117227323471 28.7960184274967 14.6861652307315 39.6939378315042
42000 42 0.204999999999999 3.3826547747189 -0.308820309215279 -0.262201492829231 325.261189676538 28.6602905561767 14.7266455636631 39.8593292391354
43000 43 0.209999999999999 3.52717543908014 -0.759904375869311 -0.815327124344559 297.939110530459 28.6742597402687 14.6510873628795 40.0247206467667
44000 44 0.214999999999999 3.65367168580979 -0.789068167606582 0.0295853835415185 304.258566335404 28.5556205842911 14.6453820109637 40.190112054398
45000 45 0.219999999999999 3.30418283274974 -0.115597912756759 -0.215981984661051 296.844561475661 28.5114321453401 14.6417991329329 40.3555034620292
46000 46 0.224999999999999 5.15023533130052 0.73480970152189 1.69096206757081 292.178985000454 28.3652235349895 14.6757094384741 40.5208948696605
47000 47 0.229999999999999 3.85125668610907 0.177782370738606 -0.11117769307653 297.886765050345 28.3591195353967 14.5919993588901 40.6862862772918
48000 48 0.234999999999999 3.71867590839562 0.420878235551338 -0.407072708582084 294.672179124337 28.2837552222461 14.5901355599831 40.851677684923
49000 49 0.239999999999999 3.10450646626211 0.459657564573956 -0.100530496303457 306.034223035291 28.0979254430691 14.6372792039689 41.0170690925543
50000 50 0.244999999999999 3.31868875367096 -0.0708439985725403 0.493099298497371 317.599821770879 28.19045843457 14.471621174057 41.1824605001856
51000 51 0.249999999999999 2.04037203966244 0.454205408848746 -0.886246256037591 297.60527954751 28.1643150912058 14.4444097038735 41.3478519078168
52000 52 0.254999999999999 2.44876571013117 -0.167303440310057 -0.37627991190077 307.342644111245 28.0991053009416 14.4157640176825 41.5132433154481
53000 53 0.259999999999999 3.58544848114145 0.037066703641571 1.04445350376027 296.920912407423 28.0425913816856 14.4184110698707 41.6786347230794
54000 54 0.264999999999999 3.16395420715565 0.107398527681024 -0.112197266689101 287.981193157959 28.0482399571924 14.3456936044486 41.8440261307106
55000 55 0.269999999999999 3.30140439815428 0.238884044554797 0.41837772954346 317.275402570797 28.0717361448833 14.2953619647845 42.0094175383419
56000 56 0.274999999999999 2.58706190289994 -0.325938914851477 -0.605957618413769 296.641691827877 27.9228420397673 14.2713218323052 42.1748089459732
57000 57 0.279999999999999 2.11353237912826 -0.784983527301401 -0.709230714055227 292.44471934708 27.8638817723542 14.2088264871906 42.3402003536044
58000 58 0.284999999999999 3.52609245863322 0.0381197865535034 0.64386103266321 302.89519186105 27.8120409466148 14.1782731390785 42.5055917612357
59000 59 0.289999999999999 2.86868620227775 0.129049381384363 -0.297575828037511 306.885868152307 27.7970360847478 14.1209993876686 42.670983168867
60000 60 0.294999999999999 2.55878875413377 -0.554040996098435 -0.321980246359395 307.458698223176 27.6868746579489 14.110690260564 42.8363745764983
61000 61 0.299999999999999 3.1829147942273 0.296355149257777 0.183170003076093 296.471752379547 27.7193910625471 14.0945644276607 43.0017659841295
62000 62 0.304999999999999 3.34075063678252 0.222829692368572 1.39890500015006 308.61908425319 27.5613819648852 14.0946264378924 43.1671573917608
63000 63 0.309999999999999 2.73728387224744 0.34514161068221 0.599758337708099 296.4963939902 27.6137920585109 14.0102810939461 43.3325487993921
64000 64 0.314999999999999 3.26746118882482 -0.37395578512838 1.02137742798919 313.190563784959 27.5252371314429 14.0092912906816 43.4979402070233
65000 65 0.319999999999999 3.41608496700776 0.733975205298853 0.703135477070146 299.093584070475 27.5593331694623 13.9960639359089 43.6633316146546
66000 66 0.324999999999999 2.73812483667504 0.279573875114703 0.224677504801548 295.986785779185 27.4055832369187 13.9854886105862 43.8287230222859
67000 67 0.329999999999999 2.12163013954387 -0.318270504448706 -1.47821870924309 298.604406004914 27.4198807475608 13.9496377772019 43.9941144299171
68000 68 0.334999999999999 3.86264206202656 0.0408614594409616 0.477058230911712 306.532735385501 27.3412806231126 13.9235835566041 44.1595058375484
69000 69 0.339999999999999 3.37894670100716 0.406659839182093 -0.700143859869781 297.153969990552 27.389847250144 13.8714286294954 44.3248972451797
70000 70 0.344999999999999 4.19691295477841 0.402259338341879 -0.483715889242246 297.415688747196 27.2925383027685 13.8605437412781 44.4902886528109
71000 71 0.349999999999999 2.31156251977672 -1.14136775038217 -1.14752819551377 299.816513524411 27.2104879160022 13.8338093496777 44.6556800604422
72000 72 0.354999999999999 3.16139518634387 -0.0110415191723465 -0.554178762431894 301.209752575654 27.2334704993072 13.8008421166929 44.8210714680735
73000 73 0.359999999999999 4.05918850598605 -0.339248875438071 0.386644157453335 310.092541611054 27.1079250140445 13.8035522555977 44.9864628757047
74000 74 0.364999999999999 4.49738031722964 0.0865151015566163 0.691954517861594 290.352453398122 27.1390486199677 13.7317835046565 45.151854283336
75000 75 0.369999999999999 3.36682606811375 -0.367297845147111 -0.814796434243372 297.986052471919 27.0830385461088 13.7463853387453 45.3172456909673
76000 76 0.374999999999999 5.41463274551103 0.932687364463584 0.583882800181335 296.40587086136 27.0874396408529 13.7041522313458 45.4826370985985
77000 77 0.379999999999999 4.00165533062171 -0.00384626242981778 -0.568621935943376 306.152838209995 27.0310198696825 13.6641623896879 45.6480285062298
78000 78 0.384999999999999 3.40863731499849 0.595537712431837 -0.659977678687802 306.556800481303 26.9796931273692 13.6526103657823 45.8134199138611
79000 79 0.389999999999999 2.77986609890361 -0.0774234829067786 -0.724220704752501 297.701739324923 26.9578994238294 13.626381543031 45.9788113214923
80000 80 0.394999999999999 4.39731140111201 -0.863851528718144 0.047737021238724 302.114879737761 26.8183799827966 13.6136103582349 46.1442027291236
81000 81 0.399999999999999 3.36531236875507 0.343351286386739 -0.233425940683013 302.204079571192 26.83276558917 13.5692739740758 46.3095941367549
82000 82 0.404999999999999 3.72289879579272 -0.220423497022283 -0.938330356467217 301.194409888177 26.8032409544679 13.5211173089551 46.4749855443861
83000 83 0.409999999999999 3.9327270478054 0.242825135979443 0.793209799132952 306.526640269924 26.6264517269072 13.5783513179984 46.6403769520174
84000 84 0.414999999999999 3.02685019422415 0.0773787870838964 -0.278403207757444 288.933522401967 26.5449947709245 13.5408342948488 46.8057683596487
85000 85 0.419999999999999 3.15093569226436 0.393545262377342 -0.523843647848137 294.436401893594 26.4917064076494 13.5418533695255 46.9711597672799
86000 86 0.424999999999999 4.11196815941198 0.647077115961745 1.50928489072889 316.704624750597 26.3928467619515 13.5061487744892 47.1365511749112
87000 87 0.429999999999999 -0.0643242248982241 0.114421041338467 -3.73258603391731 357.244070438801 26.3801527175903 13.4646875856617 47.3019425825425
88000 88 0.434999999999999 -0.866687474300164 0.705075355032719 -7.93367415802497 305.813671946439 26.2558497256685 13.5257348708626 47.4673339901737
89000 89 0.439999999999999 4.27785521053897 2.08160527297689 1.33905020486081 315.033640122017 26.1311646248731 13.5323713649792 47.632725397805
90000 90 0.444999999999999 3.13469458739221 -0.74476330948084 -1.06209295696673 296.545034356733 26.0795836327911 13.5506502431507 47.7981168054363
91000 91 0.449999999999999 4.11823586128498 0.241390948679139 0.302621886856795 304.330939150726 26.1051858629038 13.4642603244689 47.9635082130675
92000 92 0.454999999999999 4.08234977432766 0.963424111872546 0.294819713551425 295.532668554293 26.0586144349995 13.4259650558816 48.1288996206988
93000 93 0.459999999999999 4.4831938769292 0.192184937976345 -0.341562223172625 316.675100412327 26.0714797050211 13.402111063779 48.2942910283301
94000 94 0.464999999999999 2.71023753200146 -1.02274631339757 -2.47634697973059 287.66712905259 26.0064286717307 13.409308115159 48.4596824359613
95000 95 0.469999999999999 10.7049395082656 0.351909165649594 3.35654618203863 285.210384879731 25.8690525031769 13.4131304029066 48.6250738435926
96000 96 0.474999999999999 9.16756585124633 2.29772076283941 3.73524853202566 271.713427021155 25.8688041482374 13.3734372910654 48.7904652512239
97000 97 0.479999999999999 8.20991225444264 1.29552128462694 6.20366458144407 298.787734653751 25.746514653056 13.3827805624617 48.9558566588551
98000 98 0.484999999999999 -2.30785554832095 0.53645397431036 -4.372864197267 295.350691209783 25.6617097814974 13.373804875343 49.1212480664864
99000 99 0.489999999999999 1.51598004155969 -2.63510198561112 -1.08214309569487 305.406990251755 25.6867645196225 13.3287487367681 49.2866394741177
100000 100 0.494999999999999 10.0270043254901 1.22621536860534 6.53210892082833 291.728198975111 25.6402811462249 13.2802703415062 49.452030881749
101000 101 0.499999999999999 1.13827526102921 -0.521302915753834 -2.61071490448731 315.86937556902 25.5775099029664 13.2610424237726 49.6174222893802
