# source /gauss9/home/cityu/chefan/scratch/run/lammps/calc/DPA/3.1/DPA1_7ele_cry260226/straining/20_20_40/300K/nose_hoover/sxx_0_syy_0_szz_1.0e9_sxy_0_sxz_0_syz_0/W/bcc_001/stress_info.dat
# axis z
# fit_points 5
# l0 41.09098025619965
# strain stress
0.0000000000e+00 0.0000000000e+00
6.5660480225e-05 5.4122841650e-01
2.6569361497e-04 3.4897053301e-01
4.6576676034e-04 4.5156422558e-01
6.6587992434e-04 7.1124400909e-01
8.6603311498e-04 3.4575078801e-01
1.0662263403e-03 1.0069393620e+00
1.2664596082e-03 4.5209890606e-01
1.4667329268e-03 1.1505067265e+00
1.6670463040e-03 7.0758672316e-01
1.8673997480e-03 9.8483998181e-01
2.0677932666e-03 1.2362149082e+00
2.2682268679e-03 8.6959956985e-01
2.4687005600e-03 1.4506316286e+00
2.6692143508e-03 1.0911657461e+00
2.8697682484e-03 1.4800603645e+00
3.0703622608e-03 1.3697689439e+00
3.2709963960e-03 1.4711245178e+00
3.4716706620e-03 1.6774334628e+00
3.6723850669e-03 1.3346827739e+00
3.8731396187e-03 1.9651130889e+00
4.0739343255e-03 1.5097883910e+00
4.2747691952e-03 1.9392555812e+00
4.4756442358e-03 1.9665805262e+00
4.6765594555e-03 1.7970638107e+00
4.8775148623e-03 2.2411484414e+00
5.0785104642e-03 1.9234127563e+00
5.2795462692e-03 2.2114533728e+00
5.4806222853e-03 2.2159996051e+00
5.6817385208e-03 2.2482743544e+00
5.8828949834e-03 2.3931914800e+00
6.0840916814e-03 2.2679992517e+00
6.2853286228e-03 2.5862250030e+00
6.4866058156e-03 2.4423681374e+00
6.6879232678e-03 2.6902846938e+00
6.8892809876e-03 2.7402845901e+00
7.0906789829e-03 2.6327038642e+00
7.2921172618e-03 2.9899799558e+00
7.4935958325e-03 2.7655275330e+00
7.6951147029e-03 2.9155379309e+00
7.8966738810e-03 3.1255054932e+00
8.0982733751e-03 2.9839092897e+00
8.2999131931e-03 3.2445577105e+00
8.5015933431e-03 3.1640658262e+00
8.7033138331e-03 3.2685013412e+00
8.9050746713e-03 3.4068893299e+00
9.1068758657e-03 3.2477785698e+00
9.3087174243e-03 3.7120451706e+00
9.5105993553e-03 3.3426909227e+00
9.7125216668e-03 3.6002898693e+00
9.9144843667e-03 3.8796056914e+00
1.0116487463e-02 3.5263022011e+00
1.0318530964e-02 3.9849334228e+00
1.0520614878e-02 3.7538565009e+00
1.0722739213e-02 3.9539740724e+00
1.0924903977e-02 4.0959848056e+00
1.1127109177e-02 3.9748287948e+00
1.1329354823e-02 4.3121339551e+00
1.1531640922e-02 4.1290977579e+00
1.1733967482e-02 4.2909154543e+00
1.1936334512e-02 4.4471523552e+00
1.2138742019e-02 4.2006076783e+00
1.2341190011e-02 4.7959184349e+00
1.2543678497e-02 4.3717910866e+00
1.2746207485e-02 4.6407787812e+00
1.2948776983e-02 4.8520264689e+00
1.3151386999e-02 4.5541018614e+00
1.3354037540e-02 4.9643853154e+00
1.3556728616e-02 4.9090811462e+00
1.3759460235e-02 4.8425247944e+00
1.3962232403e-02 5.1092633847e+00
1.4165045130e-02 5.0844940139e+00
1.4367898424e-02 5.1871291640e+00
1.4570792292e-02 5.2862598328e+00
1.4773726744e-02 5.2878044363e+00
1.4976701786e-02 5.3361985162e+00
1.5179717427e-02 5.4765420311e+00
1.5382773675e-02 5.5576319126e+00
1.5585870539e-02 5.5704520723e+00
1.5789008026e-02 5.6115852995e+00
1.5992186145e-02 5.7392746076e+00
1.6195404904e-02 5.6528524004e+00
1.6398664310e-02 5.7951577327e+00
1.6601964372e-02 6.0014686424e+00
1.6805305098e-02 6.0037075270e+00
1.7008686497e-02 5.9537314433e+00
1.7212108576e-02 6.3106216249e+00
1.7415571343e-02 6.0754368961e+00
1.7619074807e-02 6.1662929009e+00
1.7822618976e-02 6.4164896887e+00
1.8026203857e-02 6.2474351309e+00
1.8229829460e-02 6.4171450991e+00
1.8433495792e-02 6.5813368365e+00
1.8637202861e-02 6.4841043532e+00
1.8840950675e-02 6.6739127614e+00
1.9044739244e-02 6.6722874447e+00
1.9248568574e-02 6.7062512811e+00
1.9452438674e-02 6.8180234101e+00
1.9656349552e-02 6.9019544494e+00
1.9860301216e-02 7.0105798115e+00
2.0064293675e-02 7.0741000852e+00
2.0268326937e-02 6.9723386980e+00
2.0472401009e-02 7.2540008697e+00
2.0676515900e-02 7.2876160323e+00
2.0880671618e-02 7.1900307616e+00
2.1084868171e-02 7.4184122434e+00
2.1289105568e-02 7.4514262293e+00
2.1493383816e-02 7.4332867069e+00
2.1697702924e-02 7.6484523976e+00
2.1902062900e-02 7.6557598931e+00
2.2106463752e-02 7.6246256119e+00
2.2310905488e-02 7.8108785746e+00
2.2515388117e-02 7.8040475781e+00
2.2719911646e-02 7.9680024571e+00
2.2924476084e-02 7.9340994668e+00
2.3129081439e-02 7.8511116266e+00
2.3333727720e-02 8.1600612239e+00
2.3538414933e-02 8.1412131736e+00
2.3743143088e-02 8.1825405461e+00
2.3947912193e-02 8.3323150151e+00
2.4152722256e-02 8.3358833850e+00
2.4357573285e-02 8.4428642649e+00
2.4562465288e-02 8.5486659578e+00
2.4767398274e-02 8.5718393334e+00
2.4972372250e-02 8.6336493904e+00
2.5177387225e-02 8.7068182878e+00
2.5382443208e-02 8.6871329833e+00
2.5587540205e-02 8.7399949007e+00
2.5792678226e-02 9.0266978036e+00
2.5997857279e-02 8.7513893289e+00
2.6203077372e-02 9.0346115024e+00
2.6408338513e-02 9.1997995637e+00
2.6613640710e-02 8.9891662199e+00
2.6818983972e-02 9.1588445486e+00
2.7024368307e-02 9.3541078328e+00
2.7229793722e-02 9.1804093425e+00
2.7435260227e-02 9.4607320598e+00
2.7640767829e-02 9.5149087828e+00
2.7846316537e-02 9.4073602259e+00
2.8051906358e-02 9.6176796147e+00
2.8257537302e-02 9.6701724117e+00
2.8463209376e-02 9.5850352222e+00
2.8668922588e-02 9.8005171610e+00
2.8874676948e-02 9.9095157949e+00
2.9080472462e-02 9.7921029107e+00
2.9286309139e-02 1.0092960476e+01
2.9492186988e-02 1.0100131417e+01
2.9698106017e-02 1.0003017387e+01
2.9904066234e-02 1.0237566783e+01
3.0110067646e-02 1.0237511372e+01
3.0316110263e-02 1.0238935373e+01
3.0522194093e-02 1.0429773364e+01
3.0728319144e-02 1.0448963115e+01
3.0934485423e-02 1.0357930511e+01
3.1140692941e-02 1.0580760278e+01
3.1346941703e-02 1.0561614198e+01
3.1553231720e-02 1.0530356018e+01
3.1759562999e-02 1.0894868572e+01
3.1965935548e-02 1.0663120244e+01
3.2172349376e-02 1.0717284462e+01
3.2378804491e-02 1.1102513990e+01
3.2585300900e-02 1.0742778466e+01
3.2791838614e-02 1.0968974292e+01
3.2998417639e-02 1.1243092213e+01
3.3205037983e-02 1.1017494354e+01
3.3411699657e-02 1.1187535754e+01
3.3618402666e-02 1.1374627792e+01
3.3825147020e-02 1.1218824394e+01
3.4031932728e-02 1.1396815112e+01
3.4238759796e-02 1.1599129587e+01
3.4445628234e-02 1.1184978727e+01
3.4652538050e-02 1.1629830218e+01
3.4859489252e-02 1.1830211938e+01
3.5066481849e-02 1.1571216967e+01
3.5273515848e-02 1.1749376157e+01
3.5480591258e-02 1.1834888383e+01
3.5687708087e-02 1.1824411216e+01
3.5894866344e-02 1.1768281439e+01
3.6102066036e-02 1.2162975167e+01
3.6309307173e-02 1.1967211346e+01
3.6516589762e-02 1.2225612482e+01
3.6723913812e-02 1.2148727676e+01
3.6931279330e-02 1.2046127087e+01
3.7138686326e-02 1.2479002528e+01
3.7346134808e-02 1.2403402680e+01
3.7553624783e-02 1.2196944816e+01
3.7761156260e-02 1.2518318155e+01
3.7968729248e-02 1.2693141868e+01
3.8176343755e-02 1.2360706977e+01
3.8383999788e-02 1.2771976505e+01
3.8591697357e-02 1.2873368199e+01
3.8799436470e-02 1.2621501904e+01
3.9007217135e-02 1.2731628290e+01
3.9215039360e-02 1.3012951886e+01
3.9422903153e-02 1.2819411065e+01
3.9630808524e-02 1.2980419367e+01
3.9838755479e-02 1.3042660926e+01
4.0046744029e-02 1.3138809366e+01
4.0254774180e-02 1.3154150433e+01
4.0462845941e-02 1.3379004942e+01
4.0670959321e-02 1.3243429512e+01
4.0879114328e-02 1.3334974138e+01
4.1087310969e-02 1.3497600247e+01
4.1295549255e-02 1.3422361698e+01
4.1503829192e-02 1.3563615847e+01
4.1712150789e-02 1.3631688242e+01
4.1920514055e-02 1.3535433939e+01
4.2128918998e-02 1.3741011577e+01
4.2337365625e-02 1.3881639344e+01
4.2545853947e-02 1.3597343293e+01
4.2754383970e-02 1.3723949570e+01
4.2962955703e-02 1.4178933438e+01
4.3171569155e-02 1.3974789054e+01
4.3380224334e-02 1.3905041050e+01
4.3588921247e-02 1.4116964184e+01
4.3797659905e-02 1.4292021402e+01
4.4006440314e-02 1.4078416328e+01
4.4215262484e-02 1.4220182368e+01
4.4424126422e-02 1.4509481975e+01
4.4633032137e-02 1.4356141264e+01
4.4841979638e-02 1.4381852663e+01
4.5050968932e-02 1.4595046942e+01
4.5260000028e-02 1.4592650030e+01
4.5469072935e-02 1.4499601374e+01
4.5678187660e-02 1.4764072397e+01
4.5887344212e-02 1.4659132393e+01
4.6096542600e-02 1.4734779446e+01
4.6305782832e-02 1.4925846900e+01
4.6515064916e-02 1.4679551273e+01
4.6724388861e-02 1.4917265408e+01
4.6933754675e-02 1.5093603148e+01
4.7143162366e-02 1.4983065656e+01
4.7352611942e-02 1.4851491482e+01
4.7562103413e-02 1.5290192228e+01
4.7771636786e-02 1.5379198031e+01
4.7981212071e-02 1.5082446472e+01
4.8190829274e-02 1.5320336073e+01
4.8400488405e-02 1.5516365635e+01
4.8610189472e-02 1.5441402688e+01
4.8819932484e-02 1.5324788041e+01
4.9029717448e-02 1.5738094974e+01
4.9239544374e-02 1.5587831569e+01
4.9449413269e-02 1.5503435199e+01
4.9659324142e-02 1.5692948899e+01
4.9869277001e-02 1.5885134607e+01
5.0079271855e-02 1.5792493327e+01
5.0289308713e-02 1.5879154048e+01
5.0499387582e-02 1.5970073204e+01
5.0709508470e-02 1.6058098259e+01
5.0919671388e-02 1.6020989175e+01
5.1129876342e-02 1.6197608424e+01
5.1340123341e-02 1.6040312626e+01
5.1550412394e-02 1.6063626442e+01
5.1760743509e-02 1.6379405855e+01
5.1971116694e-02 1.6334182784e+01
5.2181531958e-02 1.6126501914e+01
5.2391989310e-02 1.6433633089e+01
5.2602488757e-02 1.6606202113e+01
5.2813030308e-02 1.6394581064e+01
5.3023613972e-02 1.6625774182e+01
5.3234239756e-02 1.6756811437e+01
5.3444907670e-02 1.6552023663e+01
5.3655617722e-02 1.6689761549e+01
5.3866369920e-02 1.6949486182e+01
5.4077164273e-02 1.6755245756e+01
5.4288000789e-02 1.6862456191e+01
5.4498879476e-02 1.7129439371e+01
5.4709800344e-02 1.6817641011e+01
5.4920763399e-02 1.6888728081e+01
5.5131768652e-02 1.7350330935e+01
5.5342816109e-02 1.7149548975e+01
5.5553905781e-02 1.7059344210e+01
5.5765037675e-02 1.7414319767e+01
5.5976211799e-02 1.7299573636e+01
5.6187428162e-02 1.7252854422e+01
5.6398686773e-02 1.7561407039e+01
5.6609987640e-02 1.7505216351e+01
5.6821330771e-02 1.7357926489e+01
5.7032716175e-02 1.7446271516e+01
5.7244143860e-02 1.7852884454e+01
5.7455613835e-02 1.7747129605e+01
5.7667126108e-02 1.7512045404e+01
5.7878680688e-02 1.7851196577e+01
5.8090277584e-02 1.7854542165e+01
5.8301916802e-02 1.7668615174e+01
5.8513598353e-02 1.8029712859e+01
5.8725322244e-02 1.8168129294e+01
5.8937088485e-02 1.7914566580e+01
5.9148897083e-02 1.8056164996e+01
5.9360748046e-02 1.8270684673e+01
5.9572641385e-02 1.8108182206e+01
5.9784577106e-02 1.8173246961e+01
5.9996555218e-02 1.8488280910e+01
6.0208575731e-02 1.8218741678e+01
6.0420638651e-02 1.8201870459e+01
6.0632743989e-02 1.8685276036e+01
6.0844891752e-02 1.8542825594e+01
6.1057081949e-02 1.8260876303e+01
6.1269314588e-02 1.8803979625e+01
6.1481589677e-02 1.8771963122e+01
6.1693907226e-02 1.8509979252e+01
6.1906267243e-02 1.8771466669e+01
6.2118669736e-02 1.8881169583e+01
6.2331114714e-02 1.8698907440e+01
6.2543602185e-02 1.8868277516e+01
6.2756132157e-02 1.9107561295e+01
6.2968704640e-02 1.8833727567e+01
6.3181319642e-02 1.8807000791e+01
6.3393977171e-02 1.9370660919e+01
6.3606677236e-02 1.9157954527e+01
6.3819419845e-02 1.8830021611e+01
6.4032205007e-02 1.9552683520e+01
6.4245032730e-02 1.9315034584e+01
6.4457903022e-02 1.9102464256e+01
6.4670815894e-02 1.9429949636e+01
6.4883771352e-02 1.9468931978e+01
6.5096769405e-02 1.9376118830e+01
6.5309810062e-02 1.9506530335e+01
6.5522893332e-02 1.9763333171e+01
6.5736019222e-02 1.9425578105e+01
6.5949187742e-02 1.9653208233e+01
6.6162398900e-02 1.9915405997e+01
6.6375652705e-02 1.9603370129e+01
6.6588949164e-02 1.9702775977e+01
6.6802288287e-02 1.9969993600e+01
6.7015670082e-02 1.9787381204e+01
6.7229094558e-02 1.9885133655e+01
6.7442561723e-02 2.0124318468e+01
6.7656071586e-02 2.0005992692e+01
6.7869624155e-02 1.9959250436e+01
6.8083219438e-02 2.0372622527e+01
6.8296857445e-02 1.9992607904e+01
6.8510538184e-02 2.0041146626e+01
6.8724261663e-02 2.0363661901e+01
6.8938027892e-02 2.0399897189e+01
6.9151836877e-02 2.0198424910e+01
6.9365688629e-02 2.0510485237e+01
6.9579583156e-02 2.0503504112e+01
6.9793520465e-02 2.0446676183e+01
7.0007500567e-02 2.0476401895e+01
7.0221523468e-02 2.0604654594e+01
7.0435589179e-02 2.0577912033e+01
7.0649697707e-02 2.0564578071e+01
7.0863849061e-02 2.0777187222e+01
7.1078043249e-02 2.0566873348e+01
7.1292280281e-02 2.0797574584e+01
7.1506560164e-02 2.0994894021e+01
7.1720882908e-02 2.0806047299e+01
7.1935248520e-02 2.0917190397e+01
7.2149657010e-02 2.1113973258e+01
7.2364108386e-02 2.0956667887e+01
7.2578602656e-02 2.1084469980e+01
7.2793139830e-02 2.1070897113e+01
7.3007719915e-02 2.1143181346e+01
7.3222342921e-02 2.1012185171e+01
7.3437008855e-02 2.1326108564e+01
7.3651717727e-02 2.1342652209e+01
7.3866469545e-02 2.1174471866e+01
7.4081264318e-02 2.1368871927e+01
7.4296102054e-02 2.1539373194e+01
7.4510982762e-02 2.1420928927e+01
7.4725906450e-02 2.1596339243e+01
7.4940873127e-02 2.1573268559e+01
7.5155882802e-02 2.1529208363e+01
7.5370935483e-02 2.1697853067e+01
7.5586031179e-02 2.1701359135e+01
7.5801169898e-02 2.1573473172e+01
7.6016351650e-02 2.1936093185e+01
7.6231576442e-02 2.1983105795e+01
7.6446844283e-02 2.1577008349e+01
7.6662155182e-02 2.1993249806e+01
7.6877509148e-02 2.2146724041e+01
7.7092906189e-02 2.1894478636e+01
7.7308346314e-02 2.2070079271e+01
7.7523829530e-02 2.2215181960e+01
7.7739355848e-02 2.2101377519e+01
7.7954925276e-02 2.2211945769e+01
7.8170537821e-02 2.2260121490e+01
7.8386193494e-02 2.2202819683e+01
7.8601892301e-02 2.2375001828e+01
7.8817634253e-02 2.2330546467e+01
7.9033419358e-02 2.2286484714e+01
7.9249247624e-02 2.2505486092e+01
7.9465119060e-02 2.2552860833e+01
7.9681033675e-02 2.2602232416e+01
7.9896991476e-02 2.2370032076e+01
8.0112992474e-02 2.2641439414e+01
8.0329036676e-02 2.2656149323e+01
8.0545124092e-02 2.2516276453e+01
8.0761254729e-02 2.2724891721e+01
8.0977428596e-02 2.2752380342e+01
8.1193645703e-02 2.2634411260e+01
8.1409906058e-02 2.2906518264e+01
8.1626209668e-02 2.2659081823e+01
8.1842556544e-02 2.2961555604e+01
8.2058946694e-02 2.3114748372e+01
8.2275380126e-02 2.2813734060e+01
8.2491856849e-02 2.3016261115e+01
8.2708376871e-02 2.3303711996e+01
8.2924940202e-02 2.2844183508e+01
8.3141546850e-02 2.3090158404e+01
8.3358196824e-02 2.3433977761e+01
8.3574890132e-02 2.3068445624e+01
8.3791626783e-02 2.3284186547e+01
8.4008406786e-02 2.3435625189e+01
8.4225230149e-02 2.3244164849e+01
8.4442096881e-02 2.3269761914e+01
8.4659006990e-02 2.3544591914e+01
8.4875960486e-02 2.3486518222e+01
8.5092957377e-02 2.3391694500e+01
8.5309997672e-02 2.3655812180e+01
8.5527081379e-02 2.3552436428e+01
8.5744208508e-02 2.3411414174e+01
8.5961379066e-02 2.3881492735e+01
8.6178593062e-02 2.3713973457e+01
8.6395850506e-02 2.3711025065e+01
8.6613151405e-02 2.3937956736e+01
8.6830495769e-02 2.3711211861e+01
8.7047883606e-02 2.3928474992e+01
8.7265314926e-02 2.3801515009e+01
8.7482789735e-02 2.3958370107e+01
8.7700308044e-02 2.3963786985e+01
8.7917869861e-02 2.3899572169e+01
8.8135475195e-02 2.4123794905e+01
8.8353124054e-02 2.4037115332e+01
8.8570816448e-02 2.4062798896e+01
8.8788552384e-02 2.4186121136e+01
8.9006331872e-02 2.4207274800e+01
8.9224154920e-02 2.4171761519e+01
8.9442021536e-02 2.4251994817e+01
8.9659931731e-02 2.4217757588e+01
8.9877885512e-02 2.4312819941e+01
9.0095882888e-02 2.4441442981e+01
9.0313923868e-02 2.4248473811e+01
9.0532008461e-02 2.4479203347e+01
9.0750136674e-02 2.4485905653e+01
9.0968308518e-02 2.4335369945e+01
9.1186524001e-02 2.4649249156e+01
9.1404783131e-02 2.4635561502e+01
9.1623085917e-02 2.4447940336e+01
9.1841432368e-02 2.4801971948e+01
9.2059822493e-02 2.4668751087e+01
9.2278256300e-02 2.4680307661e+01
9.2496733798e-02 2.4849331849e+01
9.2715254996e-02 2.4752032039e+01
9.2933819903e-02 2.4670225261e+01
9.3152428527e-02 2.5013498977e+01
9.3371080877e-02 2.4783715594e+01
9.3589776962e-02 2.4812058058e+01
9.3808516791e-02 2.5077396094e+01
9.4027300372e-02 2.4850201810e+01
9.4246127714e-02 2.4988239456e+01
9.4464998826e-02 2.5173994147e+01
9.4683913717e-02 2.4781774563e+01
9.4902872394e-02 2.5189569997e+01
9.5121874868e-02 2.5179504658e+01
9.5340921147e-02 2.5109288656e+01
9.5560011240e-02 2.5344927224e+01
9.5779145155e-02 2.5155953361e+01
9.5998322901e-02 2.5380681608e+01
9.6217544487e-02 2.5318758935e+01
9.6436809922e-02 2.5227721234e+01
9.6656119214e-02 2.5388330202e+01
9.6875472372e-02 2.5563235014e+01
9.7094869406e-02 2.5182057068e+01
9.7314310323e-02 2.5605297552e+01
9.7533795133e-02 2.5391072805e+01
9.7753323844e-02 2.5562235570e+01
9.7972896465e-02 2.5543176064e+01
9.8192513005e-02 2.5384897196e+01
9.8412173473e-02 2.5767159498e+01
9.8631877878e-02 2.5611350522e+01
9.8851626227e-02 2.5548405100e+01
9.9071418531e-02 2.5717828920e+01
9.9291254798e-02 2.5790153960e+01
9.9511135036e-02 2.5682953664e+01
9.9731059255e-02 2.5984781490e+01
9.9951027463e-02 2.5528789275e+01
1.0017103967e-01 2.6008139624e+01
1.0039109588e-01 2.6006885740e+01
1.0061119611e-01 2.5595161663e+01
1.0083134036e-01 2.6148114619e+01
1.0105152865e-01 2.5977208088e+01
1.0127176098e-01 2.5993470766e+01
1.0149203736e-01 2.5952548899e+01
1.0171235780e-01 2.6240958353e+01
1.0193272230e-01 2.6088358920e+01
1.0215313089e-01 2.5825561212e+01
1.0237358356e-01 2.6385221017e+01
1.0259408032e-01 2.5941555837e+01
1.0281462119e-01 2.5989332510e+01
1.0303520617e-01 2.6203098473e+01
1.0325583528e-01 2.6088595054e+01
1.0347650851e-01 2.5920798951e+01
1.0369722588e-01 2.6399136738e+01
1.0391798741e-01 2.6268890901e+01
1.0413879308e-01 2.5971349798e+01
1.0435964293e-01 2.6566769326e+01
1.0458053694e-01 2.6330012200e+01
1.0480147514e-01 2.6121858494e+01
1.0502245754e-01 2.6588280428e+01
1.0524348413e-01 2.6249712392e+01
1.0546455493e-01 2.6337437828e+01
1.0568566995e-01 2.6550961233e+01
1.0590682920e-01 2.6584055712e+01
1.0612803269e-01 2.6059472285e+01
1.0634928042e-01 2.6430020605e+01
1.0657057240e-01 2.6813789381e+01
1.0679190865e-01 2.6291126457e+01
1.0701328917e-01 2.6763479186e+01
1.0723471397e-01 2.6614817972e+01
1.0745618306e-01 2.6525970443e+01
1.0767769645e-01 2.6821537935e+01
1.0789925414e-01 2.6586030085e+01
1.0812085615e-01 2.6521392131e+01
1.0834250249e-01 2.6853257853e+01
1.0856419315e-01 2.6621208137e+01
1.0878592817e-01 2.6574488050e+01
1.0900770753e-01 2.7063659302e+01
1.0922953125e-01 2.6623977824e+01
1.0945139934e-01 2.6866008593e+01
1.0967331181e-01 2.7032311908e+01
1.0989526867e-01 2.6596914211e+01
1.1011726992e-01 2.6734273605e+01
1.1033931558e-01 2.7219798970e+01
1.1056140565e-01 2.6629294357e+01
1.1078354015e-01 2.6773816873e+01
1.1100571907e-01 2.7019021178e+01
1.1122794244e-01 2.6633694060e+01
1.1145021025e-01 2.6770694433e+01
1.1167252253e-01 2.7006332825e+01
1.1189487926e-01 2.6848081240e+01
1.1211728048e-01 2.6716075384e+01
1.1233972618e-01 2.7282065111e+01
1.1256221637e-01 2.6468506141e+01
1.1278475107e-01 2.6923852330e+01
1.1300733028e-01 2.7283502895e+01
1.1322995400e-01 2.6483567488e+01
1.1345262226e-01 2.7080555143e+01
1.1367533506e-01 2.6932311625e+01
1.1389809240e-01 2.6909667070e+01
1.1412089430e-01 2.7354792787e+01
1.1434374076e-01 2.6806236626e+01
1.1456663180e-01 2.7232648384e+01
1.1478956741e-01 2.7180260931e+01
1.1501254763e-01 2.6864244141e+01
1.1523557244e-01 2.7333964998e+01
1.1545864186e-01 2.6973702119e+01
1.1568175590e-01 2.7025545357e+01
1.1590491456e-01 2.7424470920e+01
1.1612811787e-01 2.7095745713e+01
1.1635136581e-01 2.6990387699e+01
1.1657465841e-01 2.7105481141e+01
1.1679799568e-01 2.7226508478e+01
1.1702137762e-01 2.6967276960e+01
1.1724480423e-01 2.7223806334e+01
1.1746827554e-01 2.7097349039e+01
1.1769179155e-01 2.7142939612e+01
1.1791535226e-01 2.7039247828e+01
1.1813895769e-01 2.6860758205e+01
1.1836260785e-01 2.7076732454e+01
1.1858630274e-01 2.7257506828e+01
1.1881004237e-01 2.7217181838e+01
1.1903382676e-01 2.7030457513e+01
1.1925765590e-01 2.7145974363e+01
1.1948152982e-01 2.7260041427e+01
1.1970544852e-01 2.7265978426e+01
1.1992941200e-01 2.7481133408e+01
1.2015342029e-01 2.6887576064e+01
1.2037747338e-01 2.7136186285e+01
1.2060157128e-01 2.7552799386e+01
1.2082571401e-01 2.7156269697e+01
1.2104990157e-01 2.6928103955e+01
1.2127413397e-01 2.7556218367e+01
1.2149841122e-01 2.6759786644e+01
1.2172273334e-01 2.7119220710e+01
1.2194710032e-01 2.6986330125e+01
1.2217151218e-01 2.6323201603e+01
1.2239596893e-01 2.5864307785e+01
1.2262047057e-01 2.4230065796e+01
1.2284501712e-01 2.2440526169e+01
1.2306960858e-01 1.9152875914e+01
1.2329424497e-01 1.3425807585e+01
1.2351892628e-01 1.1094997331e+01
1.2374365254e-01 1.2204263146e+01
1.2396842375e-01 1.2841907234e+01
1.2419323991e-01 1.3334828685e+01
1.2441810105e-01 1.3014343668e+01
1.2464300716e-01 1.3246644912e+01
1.2486795825e-01 1.3353372049e+01
1.2509295434e-01 1.3003548893e+01
1.2531799544e-01 1.3553791337e+01
1.2554308154e-01 1.3644569044e+01
1.2576821267e-01 1.3464075253e+01
1.2599338883e-01 1.3530419507e+01
1.2621861003e-01 1.3740607991e+01
1.2644387628e-01 1.3744747916e+01
1.2666918758e-01 1.3648265862e+01
1.2689454396e-01 1.3981411409e+01
1.2711994540e-01 1.3997167649e+01
1.2734539194e-01 1.3866809749e+01
1.2757088356e-01 1.3982402811e+01
1.2779642029e-01 1.4134921474e+01
1.2802200214e-01 1.4081009040e+01
1.2824762910e-01 1.4180299889e+01
1.2847330119e-01 1.4184668045e+01
1.2869901842e-01 1.4339656646e+01
1.2892478080e-01 1.3980852610e+01
1.2915058834e-01 1.4540168480e+01
1.2937644104e-01 1.4651660130e+01
1.2960233892e-01 1.4308446668e+01
1.2982828198e-01 1.4536561101e+01
1.3005427023e-01 1.4610652885e+01
1.3028030369e-01 1.4450692053e+01
1.3050638236e-01 1.4718504151e+01
1.3073250624e-01 1.5072697166e+01
1.3095867536e-01 1.4664740230e+01
1.3118488972e-01 1.4849516177e+01
1.3141114932e-01 1.5086670139e+01
1.3163745418e-01 1.5022745965e+01
1.3186380431e-01 1.5164813723e+01
1.3209019970e-01 1.5040693119e+01
1.3231664039e-01 1.5249998124e+01
1.3254312636e-01 1.5539810049e+01
1.3276965764e-01 1.5076131666e+01
1.3299623423e-01 1.5432398832e+01
1.3322285614e-01 1.5707283702e+01
1.3344952338e-01 1.5425446730e+01
1.3367623595e-01 1.5618263301e+01
1.3390299387e-01 1.5557857956e+01
1.3412979715e-01 1.5617631169e+01
1.3435664579e-01 1.5789414054e+01
1.3458353981e-01 1.5951051642e+01
1.3481047921e-01 1.5846051210e+01
1.3503746401e-01 1.5767051316e+01
1.3526449420e-01 1.5988386667e+01
1.3549156981e-01 1.6153400641e+01
1.3571869083e-01 1.5946373073e+01
1.3594585729e-01 1.6139154421e+01
1.3617306918e-01 1.6171698360e+01
1.3640032652e-01 1.6223933843e+01
1.3662762931e-01 1.6139940911e+01
1.3685497757e-01 1.6473044023e+01
1.3708237131e-01 1.6504675102e+01
1.3730981052e-01 1.6309377570e+01
1.3753729523e-01 1.6444293829e+01
1.3776482545e-01 1.6560800047e+01
1.3799240117e-01 1.6654838259e+01
1.3822002241e-01 1.6687119186e+01
1.3844768918e-01 1.6772614168e+01
1.3867540149e-01 1.6787305876e+01
1.3890315934e-01 1.6819905119e+01
1.3913096275e-01 1.6736346574e+01
1.3935881173e-01 1.7057499282e+01
1.3958670628e-01 1.6798451135e+01
1.3981464642e-01 1.6957545923e+01
1.4004263214e-01 1.7333937940e+01
1.4027066347e-01 1.6998121469e+01
1.4049874041e-01 1.6925169457e+01
1.4072686297e-01 1.7408200227e+01
1.4095503116e-01 1.7519255232e+01
1.4118324499e-01 1.7161847530e+01
1.4141150446e-01 1.7335769937e+01
1.4163980959e-01 1.7402701408e+01
1.4186816039e-01 1.7416272904e+01
1.4209655686e-01 1.7619333818e+01
1.4232499901e-01 1.7348160414e+01
1.4255348686e-01 1.7593218343e+01
1.4278202041e-01 1.7765761063e+01
1.4301059967e-01 1.7587224402e+01
1.4323922466e-01 1.7818358074e+01
1.4346789537e-01 1.7958723132e+01
1.4369661182e-01 1.7688095474e+01
1.4392537401e-01 1.7906685752e+01
1.4415418197e-01 1.8056424580e+01
1.4438303569e-01 1.7934782816e+01
1.4461193519e-01 1.8086238454e+01
1.4484088047e-01 1.8334557823e+01
1.4506987154e-01 1.8177146789e+01
1.4529890842e-01 1.8238509495e+01
1.4552799111e-01 1.8294736847e+01
1.4575711962e-01 1.8264066357e+01
1.4598629396e-01 1.8303866170e+01
1.4621551414e-01 1.8554111936e+01
1.4644478017e-01 1.8619642008e+01
1.4667409205e-01 1.8520496771e+01
1.4690344981e-01 1.8518458400e+01
1.4713285344e-01 1.8571384859e+01
1.4736230295e-01 1.8649188597e+01
1.4759179836e-01 1.8947845840e+01
1.4782133967e-01 1.8473245745e+01
1.4805092690e-01 1.8818594264e+01
1.4828056005e-01 1.8970563725e+01
1.4851023913e-01 1.8821797004e+01
1.4873996415e-01 1.9087872021e+01
1.4896973512e-01 1.8993740582e+01
1.4919955204e-01 1.9068220779e+01
1.4942941494e-01 1.8967645996e+01
1.4965932381e-01 1.9221961950e+01
1.4988927867e-01 1.9113588609e+01
1.5011927953e-01 1.9169694438e+01
1.5034932639e-01 1.9387534108e+01
1.5057941926e-01 1.9378763633e+01
1.5080955816e-01 1.9303490671e+01
1.5103974309e-01 1.9040671525e+01
1.5126997406e-01 1.9602170900e+01
1.5150025108e-01 1.9461396329e+01
1.5173057416e-01 1.9594580290e+01
1.5196094331e-01 1.9634407446e+01
1.5219135854e-01 1.9549039658e+01
1.5242181986e-01 1.9593266575e+01
1.5265232727e-01 1.9793779227e+01
1.5288288079e-01 1.9653306100e+01
1.5311348043e-01 1.9869855559e+01
1.5334412619e-01 1.9986056109e+01
1.5357481808e-01 1.9683734419e+01
1.5380555612e-01 2.0043565142e+01
1.5403634031e-01 1.9924660229e+01
1.5426717066e-01 2.0040172302e+01
1.5449804718e-01 2.0108389923e+01
1.5472896988e-01 2.0319355015e+01
1.5495993877e-01 1.9924044413e+01
1.5519095386e-01 2.0378894170e+01
1.5542201515e-01 2.0324000127e+01
1.5565312267e-01 2.0112300179e+01
1.5588427641e-01 2.0556549037e+01
1.5611547638e-01 2.0420385518e+01
1.5634672260e-01 2.0292563046e+01
1.5657801507e-01 2.0655777832e+01
1.5680935381e-01 2.0511740477e+01
1.5704073882e-01 2.0294018533e+01
1.5727217011e-01 2.0914701920e+01
1.5750364769e-01 2.0575229910e+01
1.5773517157e-01 2.0576410637e+01
1.5796674176e-01 2.0965265586e+01
1.5819835827e-01 2.0695584329e+01
1.5843002111e-01 2.0766540698e+01
1.5866173028e-01 2.1172895906e+01
1.5889348580e-01 2.0732508466e+01
1.5912528768e-01 2.0969501777e+01
1.5935713592e-01 2.1192288704e+01
1.5958903054e-01 2.0809592105e+01
1.5982097154e-01 2.1126801956e+01
1.6005295893e-01 2.1204608606e+01
1.6028499272e-01 2.1040021265e+01
1.6051707293e-01 2.1285620659e+01
1.6074919955e-01 2.1338570651e+01
1.6098137261e-01 2.1123465677e+01
1.6121359211e-01 2.1453997253e+01
1.6144585805e-01 2.1423561274e+01
1.6167817045e-01 2.1336959792e+01
1.6191052932e-01 2.1508297550e+01
1.6214293467e-01 2.1494243945e+01
1.6237538650e-01 2.1394866343e+01
1.6260788483e-01 2.1762874550e+01
1.6284042966e-01 2.1634327387e+01
1.6307302100e-01 2.1479521509e+01
1.6330565887e-01 2.1780415934e+01
1.6353834327e-01 2.1617480018e+01
1.6377107421e-01 2.1673898000e+01
1.6400385170e-01 2.1972396555e+01
1.6423667575e-01 2.1730060043e+01
1.6446954637e-01 2.2000286796e+01
1.6470246357e-01 2.2147352020e+01
1.6493542736e-01 2.1744216302e+01
1.6516843775e-01 2.1922129331e+01
1.6540149474e-01 2.2282380234e+01
1.6563459835e-01 2.1980525400e+01
1.6586774858e-01 2.2340936695e+01
1.6610094545e-01 2.2206240497e+01
1.6633418896e-01 2.1842917269e+01
1.6656747913e-01 2.2548161650e+01
1.6680081596e-01 2.2257020468e+01
1.6703419946e-01 2.1980757145e+01
1.6726762964e-01 2.2540696587e+01
1.6750110651e-01 2.2348833508e+01
1.6773463009e-01 2.2334899122e+01
1.6796820037e-01 2.2555561148e+01
1.6820181737e-01 2.2449025759e+01
1.6843548110e-01 2.2559622781e+01
1.6866919157e-01 2.2723958904e+01
1.6890294878e-01 2.2698163841e+01
1.6913675275e-01 2.2473432061e+01
1.6937060348e-01 2.2924433285e+01
1.6960450099e-01 2.2579290511e+01
1.6983844529e-01 2.2523995420e+01
1.7007243637e-01 2.3215471408e+01
1.7030647427e-01 2.2652748140e+01
1.7054055897e-01 2.2676250644e+01
1.7077469049e-01 2.3000936377e+01
1.7100886885e-01 2.2773123692e+01
1.7124309404e-01 2.3034970713e+01
1.7147736609e-01 2.3095192106e+01
1.7171168499e-01 2.2750141886e+01
1.7194605076e-01 2.3287473965e+01
1.7218046342e-01 2.3302051286e+01
1.7241492295e-01 2.2766809395e+01
1.7264942939e-01 2.3302972717e+01
1.7288398273e-01 2.3388477208e+01
1.7311858298e-01 2.3086986547e+01
1.7335323016e-01 2.3571590480e+01
1.7358792428e-01 2.3232538817e+01
1.7382266534e-01 2.3330464136e+01
1.7405745335e-01 2.3426738181e+01
1.7429228832e-01 2.3597237477e+01
1.7452717027e-01 2.3503728678e+01
1.7476209919e-01 2.3544903463e+01
1.7499707511e-01 2.3711785166e+01
1.7523209803e-01 2.3649925077e+01
1.7546716795e-01 2.3490488753e+01
1.7570228490e-01 2.3984482906e+01
1.7593744887e-01 2.3611280967e+01
1.7617265988e-01 2.3798345040e+01
1.7640791794e-01 2.3927244990e+01
1.7664322305e-01 2.3636443071e+01
1.7687857523e-01 2.3967041216e+01
1.7711397448e-01 2.3797703206e+01
1.7734942082e-01 2.3920735464e+01
1.7758491425e-01 2.4063767567e+01
1.7782045479e-01 2.4195925001e+01
1.7805604244e-01 2.3880354713e+01
1.7829167721e-01 2.3961742848e+01
1.7852735911e-01 2.4065684581e+01
1.7876308816e-01 2.4167469564e+01
1.7899886435e-01 2.4203254927e+01
1.7923468771e-01 2.4132517859e+01
1.7947055823e-01 2.3996896410e+01
1.7970647593e-01 2.4484242257e+01
1.7994244082e-01 2.4077858414e+01
1.8017845291e-01 2.4212683596e+01
1.8041451221e-01 2.4256065108e+01
1.8065061872e-01 2.4588073971e+01
1.8088677246e-01 2.4369135136e+01
1.8112297343e-01 2.4471738754e+01
1.8135922165e-01 2.4490670606e+01
1.8159551712e-01 2.4203748813e+01
1.8183185986e-01 2.4656875196e+01
1.8206824987e-01 2.4585874676e+01
1.8230468716e-01 2.4574346990e+01
1.8254117175e-01 2.4686878935e+01
1.8277770364e-01 2.4565580641e+01
1.8301428283e-01 2.4404951967e+01
1.8325090935e-01 2.4866811019e+01
1.8348758320e-01 2.4707862544e+01
1.8372430439e-01 2.4771269621e+01
1.8396107293e-01 2.4846755514e+01
1.8419788882e-01 2.4860259013e+01
1.8443475208e-01 2.4574534502e+01
1.8467166272e-01 2.4828119009e+01
1.8490862075e-01 2.4846247170e+01
1.8514562618e-01 2.5025236870e+01
1.8538267901e-01 2.4871442105e+01
1.8561977925e-01 2.4894232710e+01
1.8585692692e-01 2.5286777890e+01
1.8609412203e-01 2.4595018229e+01
1.8633136457e-01 2.5128933954e+01
1.8656865457e-01 2.5076442065e+01
1.8680599204e-01 2.5080438912e+01
1.8704337697e-01 2.5401899805e+01
1.8728080939e-01 2.5223144406e+01
1.8751828930e-01 2.4991942413e+01
1.8775581671e-01 2.5035063415e+01
1.8799339163e-01 2.4891330575e+01
1.8823101407e-01 2.5410197119e+01
1.8846868404e-01 2.5180846270e+01
1.8870640155e-01 2.5313555559e+01
1.8894416660e-01 2.5226193801e+01
1.8918197922e-01 2.5116584828e+01
1.8941983940e-01 2.5790309910e+01
1.8965774716e-01 2.5090997807e+01
1.8989570250e-01 2.5444713354e+01
1.9013370544e-01 2.5554585315e+01
1.9037175599e-01 2.5173133579e+01
1.9060985415e-01 2.5797250747e+01
1.9084799993e-01 2.5253810626e+01
1.9108619335e-01 2.5093078096e+01
1.9132443441e-01 2.5574682431e+01
1.9156272313e-01 2.5037362188e+01
1.9180105950e-01 2.5553042848e+01
1.9203944355e-01 2.5674852888e+01
1.9227787528e-01 2.5309779489e+01
1.9251635471e-01 2.5666259209e+01
1.9275488183e-01 2.5769313396e+01
1.9299345666e-01 2.4947240247e+01
1.9323207921e-01 2.5676865945e+01
1.9347074950e-01 2.5300057105e+01
1.9370946752e-01 2.5645764754e+01
1.9394823329e-01 2.5981683557e+01
1.9418704681e-01 2.5330357767e+01
1.9442590811e-01 2.5901611918e+01
1.9466481718e-01 2.5559469082e+01
1.9490377404e-01 2.5166867263e+01
1.9514277869e-01 2.5677343053e+01
1.9538183115e-01 2.5607528954e+01
1.9562093143e-01 2.5532110926e+01
1.9586007953e-01 2.5711240893e+01
1.9609927546e-01 2.5765979404e+01
1.9633851924e-01 2.5810603516e+01
1.9657781088e-01 2.5753708384e+01
1.9681715037e-01 2.5388891135e+01
1.9705653774e-01 2.5459876820e+01
1.9729597299e-01 2.5172076834e+01
1.9753545613e-01 2.4928512603e+01
1.9777498717e-01 2.4126719270e+01
1.9801456613e-01 2.3148693681e+01
1.9825419300e-01 2.1696112784e+01
1.9849386781e-01 1.9766727020e+01
1.9873359055e-01 1.6736765828e+01
1.9897336125e-01 1.2747389078e+01
1.9921317990e-01 8.7913712048e+00
1.9945304652e-01 9.1917719607e+00
1.9969296112e-01 1.0377381598e+01
1.9993292371e-01 1.0649912647e+01
2.0017293430e-01 9.9653039606e+00
2.0041299289e-01 1.0457880976e+01
2.0065309950e-01 1.0851300866e+01
2.0089325413e-01 1.0581623844e+01
2.0113345680e-01 1.0557527800e+01
2.0137370752e-01 1.1061635878e+01
2.0161400629e-01 1.0439529751e+01
2.0185435312e-01 1.0464171465e+01
2.0209474803e-01 1.1214384703e+01
2.0233519103e-01 1.1077231275e+01
2.0257568211e-01 1.0842577938e+01
2.0281622130e-01 1.0883888143e+01
2.0305680860e-01 1.1385742903e+01
2.0329744403e-01 1.0984411082e+01
2.0353812758e-01 1.1283092537e+01
2.0377885928e-01 1.1624811282e+01
2.0401963913e-01 1.1282663438e+01
2.0426046714e-01 1.1167766030e+01
2.0450134332e-01 1.1668593351e+01
2.0474226768e-01 1.1412895120e+01
2.0498324023e-01 1.1512395543e+01
2.0522426098e-01 1.1906015712e+01
2.0546532994e-01 1.1705849823e+01
2.0570644712e-01 1.1611895182e+01
2.0594761252e-01 1.1843376898e+01
2.0618882616e-01 1.2102009827e+01
2.0643008806e-01 1.1926654746e+01
2.0667139820e-01 1.1850378138e+01
2.0691275662e-01 1.2542879583e+01
2.0715416331e-01 1.1962810579e+01
2.0739561829e-01 1.1942813939e+01
2.0763712156e-01 1.2636030804e+01
2.0787867314e-01 1.2268989787e+01
2.0812027303e-01 1.2163035157e+01
2.0836192125e-01 1.2707292283e+01
2.0860361780e-01 1.2416544520e+01
2.0884536270e-01 1.2239897472e+01
2.0908715595e-01 1.2713164195e+01
2.0932899757e-01 1.2762644141e+01
2.0957088755e-01 1.2825372969e+01
2.0981282592e-01 1.2632143407e+01
2.1005481269e-01 1.2875338734e+01
2.1029684785e-01 1.2964764112e+01
2.1053893143e-01 1.2675137524e+01
2.1078106343e-01 1.3256409252e+01
2.1102324386e-01 1.3191906702e+01
2.1126547273e-01 1.2840228691e+01
2.1150775005e-01 1.3260264286e+01
2.1175007583e-01 1.3345720488e+01
2.1199245008e-01 1.3233258854e+01
2.1223487282e-01 1.3509839470e+01
2.1247734404e-01 1.3313846752e+01
2.1271986376e-01 1.3419387670e+01
2.1296243199e-01 1.3512645596e+01
2.1320504873e-01 1.3467194048e+01
2.1344771401e-01 1.3750681535e+01
2.1369042782e-01 1.3501739499e+01
2.1393319018e-01 1.3607166065e+01
2.1417600110e-01 1.3998207229e+01
2.1441886059e-01 1.3665954337e+01
2.1466176865e-01 1.3646420185e+01
2.1490472530e-01 1.4264098138e+01
2.1514773054e-01 1.3989327614e+01
2.1539078439e-01 1.3858604675e+01
2.1563388686e-01 1.4351582128e+01
2.1587703795e-01 1.4070964290e+01
2.1612023768e-01 1.4173904137e+01
2.1636348605e-01 1.4208438763e+01
2.1660678308e-01 1.4618005841e+01
2.1685012877e-01 1.4434805313e+01
2.1709352313e-01 1.4163063004e+01
2.1733696618e-01 1.4614524076e+01
2.1758045792e-01 1.4578030335e+01
2.1782399836e-01 1.4458317087e+01
2.1806758752e-01 1.4737490536e+01
2.1831122540e-01 1.4768690710e+01
2.1855491202e-01 1.4467033658e+01
2.1879864737e-01 1.4956566497e+01
2.1904243148e-01 1.4889940995e+01
2.1928626435e-01 1.4909859475e+01
2.1953014599e-01 1.5013635290e+01
2.1977407641e-01 1.5074180750e+01
2.2001805562e-01 1.5201986007e+01
2.2026208363e-01 1.5062602651e+01
2.2050616046e-01 1.5015630868e+01
2.2075028610e-01 1.5621445755e+01
2.2099446058e-01 1.5272859570e+01
