step time_ps strain stress_z_GPa stress_x_GPa stress_y_GPa temp_K lx_A ly_A lz_A
1000 1 1.00417171640188e-15 -0.318624928013499 0.318801770445649 -0.0186217936019531 295.302173560859 15.5264445736178 31.7977530691849 31.8415890299861
2000 2 0.00500000000000099 -0.225266978059621 0.01029848844191 0.00236174401355121 281.734429646689 15.5143625022099 31.7283230447251 32.0007969751361
3000 3 0.010000000000001 0.157043002018525 0.248379038442895 -0.182353696514608 296.390159180181 15.4406909015758 31.7518660038086 32.160004920286
4000 4 0.015000000000001 0.952607155600482 0.0285891829634453 -0.18025385617917 304.941387437725 15.5504561571799 31.4213395127824 32.3192128654359
5000 5 0.020000000000001 0.193128135041115 -0.515482634627446 -0.235260149967951 304.087662565685 15.4268017208297 31.4679611743461 32.4784208105859
6000 6 0.025000000000001 0.778667697508341 0.00431970181052461 0.0429722953072516 307.895514315594 15.3967884122703 31.4300040817401 32.6376287557358
7000 7 0.0300000000000009 0.815484954106325 -0.491955877890479 -0.32670887524623 304.099241829256 15.3141102797173 31.388363301298 32.7968367008857
8000 8 0.0350000000000012 1.28401638043884 0.139676726201359 0.245318848304915 298.781738352209 15.343963478819 31.286423121592 32.9560446460357
9000 9 0.0400000000000012 1.96986079611846 0.123160776391099 0.134315041132584 296.743281403456 15.3627088280412 31.1116867749874 33.1152525911856
10000 10 0.0450000000000011 2.2463156807287 0.0924877355382785 0.135326874858314 295.941114566819 15.2933356407313 31.140693515174 33.2744605363355
11000 11 0.0500000000000011 2.56620716675607 0.364727494363712 0.166573508705169 288.359353506153 15.2742665051493 31.0466836496379 33.4336684814854
12000 12 0.0550000000000011 2.32459267613432 0.169714117459338 -0.0035433865659023 300.239289450498 15.2541247320745 30.921159211113 33.5928764266354
13000 13 0.0600000000000011 2.71116872701502 0.0870958580381151 -0.337658674858274 300.372811482358 15.2458360471607 30.8176105652859 33.7520843717853
14000 14 0.0650000000000011 3.08575014117189 0.123174119379826 0.33685554873818 302.267074508326 15.192036515047 30.8354747758906 33.9112923169352
15000 15 0.0700000000000011 2.91439981235624 0.0549717145052218 -0.2641517438861 308.279020056213 15.191875790451 30.6670089723524 34.0705002620852
16000 16 0.0750000000000011 3.14914895245398 0.080625895157762 0.127054113755474 292.285371448488 15.1366967203967 30.6699534136851 34.2297082072351
17000 17 0.0800000000000011 3.30954133307421 0.405590697124743 0.288217244832411 282.785388146424 15.127625150958 30.5808791274189 34.388916152385
18000 18 0.0850000000000011 3.18863058822651 0.188285121520224 0.311288721713954 289.318444925656 15.0588343954508 30.5469661514889 34.548124097535
19000 19 0.0900000000000011 3.15400593669469 0.0276463615679143 0.32235791876941 304.031768029333 15.0700482603426 30.3998611237991 34.7073320426849
20000 20 0.095000000000001 2.72066610594333 0.0342783345572353 -0.328541667735588 296.425839667935 15.0673454509915 30.1979439859006 34.8665399878348
21000 21 0.100000000000001 2.78785099477406 0.248102107997183 -0.12086723665601 299.974591925038 15.0728544867818 30.1017393947109 35.0257479329847
22000 22 0.105000000000001 2.83893466906262 0.26060217052776 -0.198396374820101 292.646623818442 15.0532443709119 30.0002820778372 35.1849558781347
23000 23 0.110000000000001 2.8236971972604 -0.00325134263376755 -0.00512227598094474 298.526645088943 15.0038268529315 29.9563062814089 35.3441638232846
24000 24 0.115000000000001 3.13636027350264 0.0979905273375804 0.157811032589483 296.447772421867 14.9612474319896 29.955360689122 35.5033717684345
25000 25 0.120000000000001 3.06355924615683 0.512899171480118 -0.0569889122608041 306.182953506453 15.0249712570639 29.6880789050912 35.6625797135845
26000 26 0.125000000000001 3.04782189796168 -0.0318665248707296 0.243275324123896 296.674014697986 14.9710610622052 29.6544606731438 35.8217876587344
27000 27 0.130000000000001 3.1418598015654 -0.332734370940675 -0.395815791370642 303.36451023495 14.9427662947479 29.4942864724917 35.9809956038843
28000 28 0.135000000000001 3.06787800588082 -0.593175048959243 -0.626623449123047 309.742721731688 14.9437999853968 29.3374799261743 36.1402035490343
29000 29 0.140000000000001 3.5792048008666 0.0267683125716991 0.289329256978232 292.425500284128 14.8811679261469 29.4120229303925 36.2994114941842
30000 30 0.145000000000001 3.1970661669941 -0.238674623976653 0.0471461522815628 292.947106613279 14.8564506051259 29.2789469173303 36.4586194393341
31000 31 0.150000000000001 3.15450908776387 0.113863435084302 -0.0476460642651025 300.37361296419 14.8508463103961 29.2081551812302 36.6178273844841
32000 32 0.155000000000001 2.68099664877526 -0.287476487259006 -0.139094110464729 294.851559455742 14.7820343061423 29.0963602883056 36.777035329634
33000 33 0.160000000000001 2.17926451107679 -0.455094526395725 -0.252525565415806 290.456840955859 14.6981223798515 29.0948566425172 36.9362432747839
34000 34 0.165000000000001 2.63745294375895 0.0168332967907514 0.136442922701454 294.468300021496 14.7548170184259 28.9138649173062 37.0954512199338
35000 35 0.170000000000001 3.13464127078125 0.0654118200052923 0.0156862446811219 301.062137321318 14.7051506799635 28.8896929032228 37.2546591650838
36000 36 0.175000000000001 3.84843281136216 0.40544625375777 0.450029588607436 300.897494714236 14.6641652879464 28.9417554513538 37.4138671102337
37000 37 0.180000000000001 3.70620083833635 -0.302609735905054 -0.200945133868252 301.697752733661 14.5772352287656 28.8917516200581 37.5730750553836
38000 38 0.185000000000001 3.63752452049187 -0.00721502618816186 -0.278972451630013 307.675429356947 14.5706177658 28.8210742258758 37.7322830005336
39000 39 0.190000000000001 3.90657043527234 -0.0926010912709447 0.160322504933559 310.02268688736 14.5078177147707 28.8560839941381 37.8914909456835
40000 40 0.195000000000001 3.79396644249089 -0.013739695074779 -0.176198782977756 296.839213384011 14.4938118996641 28.7966455437623 38.0506988908334
41000 41 0.200000000000001 3.54876669488075 0.0760244368922146 0.0300518045480035 294.13387011037 14.5262954331214 28.5889316935163 38.2099068359834
42000 42 0.205000000000001 2.95913400518976 -0.193721595300512 -0.515923372476095 299.476790158686 14.5102448969763 28.4548606112053 38.3691147811333
43000 43 0.210000000000001 2.54636863621269 0.0352322092875613 0.0418553892223633 295.683405734326 14.3829698272669 28.6185789683235 38.5283227262832
44000 44 0.215000000000001 2.83559671933946 0.285921102058945 0.332838709983828 292.647884431788 14.3360845990292 28.5900000161643 38.6875306714332
45000 45 0.220000000000001 2.68793146803924 0.212991716314339 0.51903557422014 302.640019937942 14.2877276485571 28.5574282298152 38.8467386165831
46000 46 0.225000000000001 2.9744533248073 0.380445074896494 0.0963961367654055 302.933755546599 14.2795643317358 28.4330113191584 39.005946561733
47000 47 0.230000000000001 2.86978430103703 0.0935418740633241 -0.208498381470257 305.255512148814 14.2117647807122 28.42949105436 39.1651545068829
48000 48 0.235000000000001 2.49991246708805 -0.240138724290434 -0.150163742386256 290.76727352421 14.1637599380583 28.4168684236028 39.3243624520329
49000 49 0.240000000000001 2.71594923898094 0.011799201697501 -0.481864145285001 317.532478259854 14.0895205856157 28.4567632624438 39.4835703971828
50000 50 0.245000000000001 3.3187685433378 0.110085003265553 0.205271488113373 288.614306574033 14.1174464680566 28.3622856938161 39.6427783423327
51000 51 0.250000000000001 3.09427424444751 0.187648889442195 -0.228980584040604 291.935633016059 14.1241712648897 28.2056458347284 39.8019862874827
52000 52 0.255000000000001 3.44212419734595 -0.279533336889269 0.140437976767244 287.792066927401 14.0517508906121 28.2757637770344 39.9611942326326
53000 53 0.260000000000001 3.06675105858528 -0.162466570974943 -0.159826747568977 309.91954634303 14.0451031394668 28.1792281863049 40.1204021777825
54000 54 0.265000000000001 3.06841340818636 -0.0815879313635421 0.221240906951177 295.86276322458 13.9588939686769 28.2305963476745 40.2796101229325
55000 55 0.270000000000001 2.19947280266031 -0.376341427772371 -0.565307830179772 300.509630980563 13.9663256626532 27.9612011005873 40.4388180680824
56000 56 0.275000000000001 2.55946391957345 0.0289819426839763 -0.292452592832002 305.938318656571 13.9473210137306 27.940059020278 40.5980260132323
57000 57 0.280000000000001 3.24752698002255 0.0659998743409099 0.476554173673949 295.983908593757 13.8633512994635 28.1356543991283 40.7572339583823
58000 58 0.285000000000001 2.4961132270451 0.132921856677448 0.0591320524598581 300.733603412715 13.9005248556612 27.8739752727187 40.9164419035322
59000 59 0.290000000000001 2.62289962319662 0.258530187616343 0.211084998932818 301.643644020223 13.844644293634 27.9364374860491 41.0756498486821
60000 60 0.295000000000001 3.21248197540308 0.111401593702908 -0.0324447378583978 279.036786524552 13.8468933919254 27.8183844853545 41.234857793832
61000 61 0.300000000000001 3.45729224237015 0.692891247719106 0.850862548527953 302.989760199834 13.8204911678712 27.8035032215664 41.394065738982
62000 62 0.305000000000001 3.0468982991496 0.342019296313095 0.0914421801101619 282.338045125094 13.7660375762931 27.7586312540913 41.5532736841319
63000 63 0.310000000000001 2.55731807007809 -0.653012008185619 -0.445762587373585 307.685128495223 13.7057956748 27.7133423294468 41.7124816292818
64000 64 0.315000000000001 3.28000478072182 0.197669323336137 -0.0323424879879343 303.836471582515 13.7411953767827 27.6263903255149 41.8716895744318
65000 65 0.320000000000001 3.20828513054348 0.0930883616628565 -0.0844094868669374 292.109284086272 13.7668416478113 27.4480087127637 42.0308975195817
66000 66 0.325000000000001 2.71967311977594 -0.160600565539561 -0.187933729258222 303.014062815073 13.7055526207455 27.4404396784435 42.1901054647316
67000 67 0.330000000000001 2.05932768457477 -0.552603432817366 -0.30699641154674 289.635700641724 13.6941052438981 27.2353615701671 42.3493134098816
68000 68 0.335000000000001 2.67016095233311 0.330535389586735 0.346070704726213 284.060356762952 13.7521046849451 27.1712695394768 42.5085213550315
69000 69 0.340000000000001 2.34829698073894 0.0524737092417936 0.0421599672327456 312.662113467796 13.7615679812617 27.0269230622603 42.6677293001814
70000 70 0.345000000000001 2.66103782950612 -0.0783658773787012 -0.0744101763091152 307.482426415447 13.7196815246333 26.9886744557161 42.8269372453313
71000 71 0.350000000000001 2.77560904370995 -0.176199977224147 -0.238008368975001 297.086311373318 13.7076467100523 26.9427778189391 42.9861451904813
72000 72 0.355000000000001 2.83300681302707 -0.0185695769054427 -0.159510592588928 299.019377353029 13.7135449560762 26.8045290377026 43.1453531356312
73000 73 0.360000000000001 3.12614153802417 0.0390726404951815 0.342243842305292 312.698393826126 13.7486443647026 26.7149411121193 43.3045610807811
74000 74 0.365000000000001 2.64712506786194 0.270206259868926 0.237906445376506 303.616213860909 13.7499222374611 26.6044955270276 43.4637690259311
75000 75 0.370000000000001 2.36148045459124 -0.115000667407018 -0.336334117439208 290.053073306491 13.7014107516784 26.5052624726541 43.622976971081
76000 76 0.375000000000001 2.59065848642819 0.37976545340966 0.539863157864973 303.184846413197 13.7006586670015 26.5170893089234 43.7821849162309
77000 77 0.380000000000001 1.84188871900296 -0.526711884450692 -0.688682032977973 304.791263536092 13.6480676544879 26.404697630484 43.9413928613809
78000 78 0.385000000000001 1.7732521707278 -0.147507655488689 -0.264137463146297 307.975087381382 13.6349816392664 26.3468987544101 44.1006008065308
79000 79 0.390000000000001 2.01168076236991 -0.0542662246312783 -0.247594434682667 297.118196249146 13.5953515864746 26.3448089807252 44.2598087516807
80000 80 0.395000000000001 2.0306322284595 -0.121966249286431 -0.0666770857024244 297.348122006964 13.551637026023 26.3478674528615 44.4190166968307
81000 81 0.400000000000001 2.76677032559495 0.0601789321613408 0.0758738789482102 295.581262756254 13.4965011048585 26.3929744999004 44.5782246419806
82000 82 0.405000000000001 2.74898463614646 0.220421749267585 -0.137782831885774 300.527927091501 13.5528848548085 26.1620635271613 44.7374325871305
83000 83 0.410000000000001 2.7767362477272 -0.0704710478536741 -0.127874271526569 305.935126704855 13.5225037983957 26.1772937737321 44.8966405322804
84000 84 0.415000000000001 2.99112955824721 -0.370257560668321 -0.119948947858539 291.959546452453 13.4307779375124 26.2162600458069 45.0558484774304
85000 85 0.420000000000001 3.41716549012434 0.290574033864848 0.186725319315929 300.173771468895 13.4784618191474 26.1076507108536 45.2150564225803
86000 86 0.425000000000002 3.50887660548685 0.140223081650489 0.211111867338538 295.743546248746 13.4176629512836 26.1636913556202 45.3742643677302
87000 87 0.430000000000001 3.32383417318116 0.270387654543755 -0.15675101375798 305.224411932513 13.4625191223837 25.9728513785293 45.5334723128802
88000 88 0.435000000000001 3.47061691143853 0.163330279670438 0.450934184221127 293.68988779174 13.4335449095295 25.928615198494 45.6926802580301
89000 89 0.440000000000002 3.30345700276329 0.586207963122858 0.353720245547392 294.815075170501 13.4274579742917 25.8605301249398 45.85188820318
90000 90 0.445000000000002 2.94266606766693 -0.120623995681134 0.0720849821100254 307.264897094762 13.3705860845191 25.7895806041976 46.01109614833
91000 91 0.450000000000002 2.68947014627709 0.0388120584783444 -0.241749976463813 296.135866831137 13.3873779286509 25.6573227778748 46.1703040934799
92000 92 0.455000000000001 2.63687531136471 0.275778061263291 0.0459970129069579 295.22130086301 13.3781886398152 25.6233176778667 46.3295120386298
93000 93 0.460000000000001 3.08881712943879 0.0650480878220069 0.0834081841607822 306.338513919366 13.3267827694397 25.6131514218038 46.4887199837798
94000 94 0.465000000000002 3.3168095070363 0.435120983633007 0.00256634420703459 319.301499768083 13.3207868355672 25.557870931631 46.6479279289297
95000 95 0.470000000000001 3.07488172631512 0.0703648961157023 -0.118401777229135 297.037196710406 13.3019592997265 25.4559550012471 46.8071358740796
96000 96 0.475000000000001 3.0766680273374 -0.0201839324271238 -0.0157552238497863 302.554118400354 13.3205295237851 25.4050233898094 46.9663438192295
97000 97 0.480000000000002 3.08674006663539 0.273494399856022 0.0304853878908909 287.314883842111 13.2759558379156 25.4067831170344 47.1255517643795
98000 98 0.485000000000002 3.67473041421025 0.169145736572198 0.25458068882747 300.968868663567 13.2743611642968 25.3221259094934 47.2847597095294
99000 99 0.490000000000002 3.16469108897191 0.138402676753956 0.0644938172090463 291.43121338003 13.2839342976317 25.2183685004673 47.4439676546793
100000 100 0.495000000000002 3.00797850359374 -0.388313839655562 -0.262175006897005 279.600674098096 13.2321815614033 25.157767070333 47.6031755998293
101000 101 0.500000000000002 2.88534243847778 -0.273966901605714 -0.269630761976542 311.881995856961 13.2251564646823 25.0788579939884 47.7623835449792
