# r(A) g(r)_avg coord_avg
0.03000000 0.00000000 0.00000000
0.09000000 0.00000000 0.00000000
0.15000000 0.00000000 0.00000000
0.21000000 0.00000000 0.00000000
0.27000000 0.00000000 0.00000000
0.33000000 0.00000000 0.00000000
0.39000000 0.00000000 0.00000000
0.45000000 0.00000000 0.00000000
0.51000000 0.00000000 0.00000000
0.57000000 0.00000000 0.00000000
0.63000000 0.00000000 0.00000000
0.69000000 0.00000000 0.00000000
0.75000000 0.00000000 0.00000000
0.81000000 0.00000000 0.00000000
0.87000000 0.00000000 0.00000000
0.93000000 0.00000000 0.00000000
0.99000000 0.00000000 0.00000000
1.05000000 0.00000000 0.00000000
1.11000000 0.00000000 0.00000000
1.17000000 0.00000000 0.00000000
1.23000000 0.00000000 0.00000000
1.29000000 0.00000000 0.00000000
1.35000000 0.00000000 0.00000000
1.41000000 0.00000000 0.00000000
1.47000000 0.00000000 0.00000000
1.53000000 0.00000000 0.00000000
1.59000000 0.00000000 0.00000000
1.65000000 0.00000000 0.00000000
1.71000000 0.00000000 0.00000000
1.77000000 0.00000000 0.00000000
1.83000000 0.00000000 0.00000000
1.89000000 0.00000000 0.00000000
1.95000000 0.00000000 0.00000000
2.01000000 0.00000000 0.00000000
2.07000000 0.00000000 0.00000000
2.13000000 0.00000000 0.00000000
2.19000000 0.00000000 0.00000000
2.25000000 0.00000000 0.00000000
2.31000000 0.00000000 0.00000000
2.37000000 0.92598817 0.33333333
2.43000000 2.64248157 1.33333333
2.49000000 8.59863435 4.75000000
2.55000000 3.99940081 6.41666667
2.61000000 2.67234932 7.58333333
2.67000000 3.28319773 9.08333333
2.73000000 0.87235361 9.50000000
2.79000000 0.00000000 9.50000000
2.85000000 0.32017658 9.66666667
2.91000000 0.30711000 9.83333333
2.97000000 0.29482728 10.00000000
3.03000000 0.00000000 10.00000000
3.09000000 0.00000000 10.00000000
3.15000000 0.00000000 10.00000000
3.21000000 0.00000000 10.00000000
3.27000000 0.00000000 10.00000000
3.33000000 0.00000000 10.00000000
3.39000000 0.00000000 10.00000000
3.45000000 0.00000000 10.00000000
3.51000000 0.00000000 10.00000000
3.57000000 0.00000000 10.00000000
3.63000000 1.18419559 11.00000000
3.69000000 2.29199820 13.00000000
3.75000000 1.10962128 14.00000000
3.81000000 0.00000000 14.00000000
3.87000000 0.26046895 14.25000000
3.93000000 0.16838438 14.41666667
3.99000000 0.08167918 14.50000000
4.05000000 0.00000000 14.50000000
4.11000000 0.23093791 14.75000000
4.17000000 0.22434014 15.00000000
4.23000000 0.00000000 15.00000000
4.29000000 0.00000000 15.00000000
4.35000000 0.00000000 15.00000000
4.41000000 0.13372464 15.16666667
4.47000000 0.71587377 16.08333333
4.53000000 1.07723759 17.50000000
4.59000000 0.18516335 17.75000000
4.65000000 0.36083167 18.25000000
4.71000000 0.82062677 19.41666667
4.77000000 0.40005609 20.00000000
4.83000000 0.44591848 20.66666667
4.89000000 0.32628223 21.16666667
4.95000000 0.53070065 22.00000000
5.01000000 0.00000000 22.00000000
5.07000000 0.00000000 22.00000000
5.13000000 0.00000000 22.00000000
5.19000000 0.00000000 22.00000000
5.25000000 0.00000000 22.00000000
5.31000000 0.00000000 22.00000000
5.37000000 0.00000000 22.00000000
5.43000000 0.00000000 22.00000000
5.49000000 0.00000000 22.00000000
5.55000000 0.00000000 22.00000000
5.61000000 0.00000000 22.00000000
5.67000000 0.00000000 22.00000000
5.73000000 0.00000000 22.00000000
5.79000000 0.00000000 22.00000000
5.85000000 0.00000000 22.00000000
5.91000000 0.00000000 22.00000000
5.97000000 0.14593955 22.33333333
