# r(A) g(r)_avg coord_avg
0.03000000 0.00000000 0.00000000
0.09000000 0.00000000 0.00000000
0.15000000 0.00000000 0.00000000
0.21000000 0.00000000 0.00000000
0.27000000 0.00000000 0.00000000
0.33000000 0.00000000 0.00000000
0.39000000 0.00000000 0.00000000
0.45000000 0.00000000 0.00000000
0.51000000 0.00000000 0.00000000
0.57000000 0.00000000 0.00000000
0.63000000 0.00000000 0.00000000
0.69000000 0.00000000 0.00000000
0.75000000 0.00000000 0.00000000
0.81000000 0.00000000 0.00000000
0.87000000 0.00000000 0.00000000
0.93000000 0.00000000 0.00000000
0.99000000 0.00000000 0.00000000
1.05000000 0.00000000 0.00000000
1.11000000 0.00000000 0.00000000
1.17000000 0.00000000 0.00000000
1.23000000 0.00000000 0.00000000
1.29000000 0.00000000 0.00000000
1.35000000 0.00000000 0.00000000
1.41000000 0.00000000 0.00000000
1.47000000 0.00000000 0.00000000
1.53000000 0.00000000 0.00000000
1.59000000 0.00000000 0.00000000
1.65000000 0.00000000 0.00000000
1.71000000 0.00000000 0.00000000
1.77000000 0.00000000 0.00000000
1.83000000 0.00000000 0.00000000
1.89000000 0.00000000 0.00000000
1.95000000 0.00000000 0.00000000
2.01000000 0.00000000 0.00000000
2.07000000 0.00000000 0.00000000
2.13000000 0.00000000 0.00000000
2.19000000 0.00000000 0.00000000
2.25000000 0.00000000 0.00000000
2.31000000 0.00000000 0.00000000
2.37000000 0.00000000 0.00000000
2.43000000 0.00000000 0.00000000
2.49000000 0.00000000 0.00000000
2.55000000 1.39879021 0.40000000
2.61000000 2.67044006 1.20000000
2.67000000 5.10354763 2.80000000
2.73000000 2.44084499 3.60000000
2.79000000 5.84248815 5.60000000
2.85000000 4.47926968 7.20000000
2.91000000 0.00000000 7.20000000
2.97000000 0.00000000 7.20000000
3.03000000 0.00000000 7.20000000
3.09000000 3.81050352 8.80000000
3.15000000 3.66672832 10.40000000
3.21000000 0.44136742 10.60000000
3.27000000 0.00000000 10.60000000
3.33000000 1.23039348 11.20000000
3.39000000 0.00000000 11.20000000
3.45000000 0.00000000 11.20000000
3.51000000 1.47658403 12.00000000
3.57000000 0.00000000 12.00000000
3.63000000 0.00000000 12.00000000
3.69000000 0.00000000 12.00000000
3.75000000 0.64681663 12.40000000
3.81000000 0.00000000 12.40000000
3.87000000 0.30366333 12.60000000
3.93000000 0.00000000 12.60000000
3.99000000 0.00000000 12.60000000
4.05000000 1.10908539 13.40000000
4.11000000 0.00000000 13.40000000
4.17000000 2.09234535 15.00000000
4.23000000 0.00000000 15.00000000
4.29000000 0.00000000 15.00000000
4.35000000 0.00000000 15.00000000
4.41000000 0.00000000 15.00000000
4.47000000 0.00000000 15.00000000
4.53000000 0.00000000 15.00000000
4.59000000 0.00000000 15.00000000
4.65000000 0.00000000 15.00000000
4.71000000 0.00000000 15.00000000
4.77000000 0.00000000 15.00000000
4.83000000 1.16969973 16.20000000
4.89000000 0.00000000 16.20000000
4.95000000 1.11367512 17.40000000
5.01000000 0.00000000 17.40000000
5.07000000 0.53079063 18.00000000
5.13000000 0.00000000 18.00000000
5.19000000 0.67537258 18.80000000
5.25000000 0.00000000 18.80000000
5.31000000 0.00000000 18.80000000
5.37000000 0.00000000 18.80000000
5.43000000 0.00000000 18.80000000
5.49000000 0.00000000 18.80000000
5.55000000 0.00000000 18.80000000
5.61000000 0.00000000 18.80000000
5.67000000 0.00000000 18.80000000
5.73000000 0.00000000 18.80000000
5.79000000 0.00000000 18.80000000
5.85000000 0.00000000 18.80000000
5.91000000 0.00000000 18.80000000
5.97000000 0.00000000 18.80000000
