step time_ps strain stress_z_GPa stress_x_GPa stress_y_GPa temp_K lx_A ly_A lz_A
1000 1 1.44764264878489e-15 1.87767252333225 -0.0183036517014649 -0.059601444808744 282.740576373807 17.5738956938058 17.5786879204781 26.9955092160404
2000 2 0.0050000000000014 2.30432970782684 -0.383459033025446 0.0353538008167909 291.24809999157 17.4948252026985 17.5652306580092 27.1304867621206
3000 3 0.0100000000000014 2.62107755504552 0.0422312179719444 -0.28814261449956 303.790984619635 17.5155324362406 17.4859643012869 27.2654643082008
4000 4 0.0150000000000016 3.45229734967096 0.513876049179571 0.469026245590987 301.839785723127 17.4748767403193 17.4961282930886 27.400441854281
5000 5 0.0200000000000015 2.92150808744271 -0.286873227741472 -0.248405525719108 292.345230987853 17.3923787593727 17.4157566090084 27.5354194003612
6000 6 0.0250000000000015 3.38849111607772 -0.00259809795180985 0.384963245818036 299.483174787764 17.3539824253076 17.409953817317 27.6703969464414
7000 7 0.0300000000000014 3.07834476900312 -0.354386855399585 -0.165241688485569 284.266340354506 17.2930176467483 17.3420469630256 27.8053744925217
8000 8 0.0350000000000014 3.04352915960341 -0.530082766996382 -1.11265941728543 307.546428269783 17.2858834900532 17.2443505153048 27.9403520386019
9000 9 0.0400000000000016 4.48272368671527 0.550779646967851 0.222770811216164 286.649076497654 17.290872477669 17.266523588679 28.0753295846821
10000 10 0.0450000000000016 4.19418496439917 0.10720851204713 0.194852135953563 319.872069907244 17.1967738452043 17.2410486425246 28.2103071307623
11000 11 0.0500000000000015 3.84919360723837 -0.475454915696128 -0.00137009705729824 294.69555541888 17.0959254279796 17.2234085775845 28.3452846768425
12000 12 0.0550000000000015 4.31503146051283 0.686142067025473 0.229576537213761 303.708603011224 17.1326972678931 17.1597642981303 28.4802622229227
13000 13 0.0600000000000014 4.28925225051925 0.481032705541129 0.320317262787769 294.566609845393 17.0765180048082 17.1059658707156 28.6152397690029
14000 14 0.0650000000000016 3.78218709612169 -0.534647272432633 -0.00641889288218064 285.294464350191 16.9401425329545 17.1058889372782 28.7502173150831
15000 15 0.0700000000000016 4.11105333574368 -0.0131113964158812 -0.178623064061626 293.045410336339 16.9437915077855 17.0702298889858 28.8851948611633
16000 16 0.0750000000000015 4.37448338679908 0.154749596706734 0.0817534496751257 301.779943275176 16.8980660845914 17.0168176660768 29.0201724072435
17000 17 0.0800000000000015 4.42654984914813 0.212269274347142 0.368235347303271 301.131657522902 16.8094559474645 17.0581929554705 29.1551499533237
18000 18 0.0850000000000014 4.3434256289508 0.110129739199508 -0.40101291691937 284.528548284413 16.8003980137625 16.9371154092467 29.2901274994039
19000 19 0.0900000000000017 3.77699136186922 -0.0810682341852083 0.629220848921974 308.759872271223 16.601874177892 17.0824619889574 29.4251050454841
20000 20 0.0950000000000016 1.89715019379217 0.488525342433991 -0.196903546651624 304.271507202268 16.3990660042705 17.1602771497176 29.5600825915643
21000 21 0.100000000000002 1.27230041445163 -0.193402653152441 0.438256942558639 297.524853386713 16.2339539318377 17.2343750988198 29.6950601376445
22000 22 0.105000000000002 1.07234652330462 -0.0333687302781609 -0.184107297222775 275.441890088019 16.1886037655968 17.1911202316928 29.8300376837247
23000 23 0.110000000000001 1.4218081610992 -0.140974313125729 -0.152556853152004 302.578429955173 16.1408606514098 17.189024784656 29.9650152298049
24000 24 0.115000000000002 2.12187057954604 0.379133294823388 -0.00362629071617008 304.184186168964 16.1122095094221 17.1575661241324 30.0999927758851
25000 25 0.120000000000002 2.06836879686805 -0.188921204684058 0.323367656049288 276.615981446124 15.9957143552318 17.1849147393064 30.2349703219653
26000 26 0.125000000000002 2.25708063696378 0.472700773520667 0.427258495965155 291.679431996381 16.0112999603174 17.1463416288245 30.3699478680455
27000 27 0.130000000000002 2.41370243625788 -0.00873602207553203 0.0744109059795 287.118630248116 15.9019239955287 17.154622640937 30.5049254141257
28000 28 0.135000000000002 1.90464395736303 -0.390295073774424 -0.0185732547495964 307.963290195537 15.8057897477853 17.14935524651 30.6399029602059
29000 29 0.140000000000002 2.05892478877406 0.12811116056275 -0.299406308159237 307.470495352294 15.7639689648368 17.1356967454226 30.7748805062861
30000 30 0.145000000000002 -0.282872185697829 -0.618346188533115 0.34514870556966 317.894390925353 15.4019081676089 17.4162675390073 30.9098580523663
31000 31 0.150000000000002 0.456225854089523 0.470163613114404 -0.36738511173853 295.620248388543 15.4905458849685 17.2844540252378 31.0448355984465
32000 32 0.155000000000002 -1.5388370712317 -0.762822759928733 0.10980650420756 315.165407621145 15.2047655205308 17.4610444042786 31.1798131445267
33000 33 0.160000000000002 -0.305198352774376 0.108330075874138 -0.0893828274167705 292.405123508603 15.2564733397562 17.3763113130367 31.3147906906069
34000 34 0.165000000000002 0.1633957115451 0.206206837508579 0.0626380022067258 297.771842285049 15.2672609687967 17.3325804211521 31.4497682366871
35000 35 0.170000000000002 -0.470010012362671 -0.306325826492876 -0.737038099650779 290.544844590259 15.1363877123945 17.3385094360928 31.5847457827673
36000 36 0.175000000000002 -0.136824803131711 -0.0668750374072004 0.540752087283666 313.330181391509 15.0629255077236 17.4307837776048 31.7197233288475
37000 37 0.180000000000002 0.162056842476123 0.221247275421739 0.223434033994479 305.039055693809 15.0612399022615 17.3390416914096 31.8547008749277
38000 38 0.185000000000002 0.22410960145827 0.138366683090576 0.167487832508614 283.602687782204 14.993759693849 17.3549856261745 31.9896784210079
39000 39 0.190000000000002 1.1897786325192 0.508148515896049 0.833845830326908 315.023089217574 14.9752062061939 17.3679147237166 32.1246559670881
40000 40 0.195000000000002 -0.0541006343872199 -0.60019204144964 -0.422906034890505 283.51399244363 14.8602405409746 17.3080541067206 32.2596335131683
41000 41 0.200000000000002 0.855327543232024 0.158337140174149 -0.107460818192737 303.82691301658 14.8923101461925 17.2480460946423 32.3946110592485
42000 42 0.205000000000002 0.54357586676107 -0.282536491923728 -0.224357840475463 310.489788634589 14.772268684448 17.3037383708822 32.5295886053287
43000 43 0.210000000000002 0.888733325055169 -0.13617103189541 -0.198570912666922 288.258528169923 14.7589063248064 17.2675241465619 32.6645661514089
44000 44 0.215000000000002 1.33129833363249 0.178968881608416 -0.0314215632831088 306.41158000764 14.7066927947866 17.2761136274036 32.7995436974891
45000 45 0.220000000000002 1.08060271355926 0.0337213120922223 -0.33059933285294 293.819771011508 14.6309579380781 17.2524576740466 32.9345212435693
46000 46 0.225000000000002 0.669645244671185 -0.170744784957782 0.237262954438014 294.849795915628 14.532249502512 17.3221694283509 33.0694987896495
47000 47 0.230000000000002 1.94093574251119 0.288813929490634 0.272288048314146 282.287829506808 14.5303576457161 17.3160552416649 33.2044763357297
48000 48 0.235000000000002 1.05886629557955 -0.214352558489396 0.00486909963900756 300.107149317076 14.3957626483261 17.3568858293888 33.3394538818099
49000 49 0.240000000000002 0.865267327677078 -0.234896280878891 -0.585153169839308 300.233758628842 14.3370303708555 17.3041049827001 33.4744314278901
50000 50 0.245000000000002 1.49606329587437 0.603348731906679 0.602381805702365 311.791178926281 14.2844402844724 17.4096919551034 33.6094089739703
51000 51 0.250000000000002 1.08344800323033 -0.307621194249547 -0.838316705653102 290.641059622433 14.2325665671306 17.3221459964816 33.7443865200505
52000 52 0.255000000000002 -0.185970333619285 0.108815552709655 0.0979567739635055 288.410345365989 14.047541587159 17.4765647443209 33.8793640661307
53000 53 0.260000000000002 -0.451154023327211 0.0442055704671915 0.0334335402091419 294.764334650726 13.9122580017016 17.5663358635589 34.0143416122109
54000 54 0.265000000000002 -0.813361091729541 -0.707855703943702 -0.475610394552338 285.210023462387 13.8249534058088 17.5612499676116 34.1493191582912
55000 55 0.270000000000002 0.026054669770764 0.154156674928007 0.216790320948788 314.002372634752 13.8058568658873 17.5952540217055 34.2842967043714
56000 56 0.275000000000002 -1.36158320002147 0.191327605157721 -0.0373751594609961 314.773489388856 13.7057503616324 17.5984233394431 34.4192742504516
57000 57 0.280000000000002 -2.11219001846882 0.0587048367368481 -0.0133875235843781 288.69787205607 13.5815505452986 17.6984175990905 34.5542517965318
58000 58 0.285000000000002 -2.50492411859179 -9.46965114807557e-05 0.231394759934887 306.4678919354 13.4506144148319 17.807390640676 34.689229342612
59000 59 0.290000000000002 -1.67454657500724 -0.0503403246508707 -0.615042883997095 303.447018101606 13.4896011320343 17.6824444730688 34.8242068886922
60000 60 0.295000000000002 -1.06966687737271 0.35175203010185 -0.0227365383614093 297.11375976139 13.3978588268917 17.7774127545055 34.9591844347724
61000 61 0.300000000000002 -0.829086727437165 0.137647005305741 -0.134324130151731 299.460599701794 13.3633657367449 17.7825977450447 35.0941619808526
62000 62 0.305000000000002 -0.847434147426379 -0.261423076252844 -0.0394093946573294 296.432461961317 13.2412271593446 17.8795251539915 35.2291395269328
63000 63 0.310000000000002 -0.0890174345492145 -0.0322425441315994 0.390801464983438 282.917139631681 13.1901290215895 17.9106196833079 35.364117073013
64000 64 0.315000000000002 0.684436282856888 0.378003959342936 -0.167287243774335 305.671732920703 13.1966556453499 17.856405436518 35.4990946190932
65000 65 0.320000000000002 0.935376545389534 0.119194679707404 0.0893159058237234 299.268549287389 13.1179288552936 17.9315496838698 35.6340721651734
66000 66 0.325000000000002 1.63142173001905 -0.0987127696127822 0.0562653575738864 296.371735180576 13.0437463946136 17.9583367385492 35.7690497112536
67000 67 0.330000000000002 2.21057060762593 0.0191664168917672 -0.454812142947316 292.021037058355 13.0840685536088 17.8628250897457 35.9040272573338
68000 68 0.335000000000002 2.38583432127798 -0.147183160559863 0.133564622217754 293.444246338371 12.9667544933418 17.974527787975 36.039004803414
69000 69 0.340000000000002 2.97482831898034 -0.128193573214152 -0.327528053487396 276.405363559106 12.944601490213 17.9473053741291 36.1739823494942
70000 70 0.345000000000002 4.28316755775394 0.274456287080944 0.136645734412 298.165209512773 12.9456187060484 17.9268175985645 36.3089598955744
71000 71 0.350000000000002 4.26013288807113 0.183695897789848 -0.140461057480928 302.571533051008 12.8770854578456 17.9827528399476 36.4439374416546
72000 72 0.355000000000002 4.60298613000257 -0.671203374855998 -0.231950466628462 308.50254146055 12.7863082281985 18.0148543937867 36.5789149877348
73000 73 0.360000000000002 5.90753347187905 0.556454318150737 0.235212477236238 287.428600925974 12.8456330528516 17.9691270259664 36.713892533815
74000 74 0.365000000000002 6.23656295361238 -0.0754652944866865 -0.480566312026928 289.517455651674 12.7597646354722 17.9895443404998 36.8488700798952
75000 75 0.370000000000002 6.9515856144346 0.313083213432282 0.519306320522135 303.753171464622 12.7268517872591 18.054237934827 36.9838476259754
76000 76 0.375000000000002 7.34908875223461 0.00208796529874911 -0.292929028361867 304.626196363704 12.699115587295 18.0288763863467 37.1188251720556
77000 77 0.380000000000002 7.65691393613386 -0.331088639799911 0.0715473272840834 276.955344168266 12.6463312359703 18.0508008570383 37.2538027181358
78000 78 0.385000000000002 8.83592280185054 0.784285295057832 0.434833226714829 292.285684012853 12.6645189047464 18.052103733424 37.388780264216
79000 79 0.390000000000002 7.9934427258403 0.507423946739334 0.248751410470815 297.193820631326 12.6093367183789 18.0548832362001 37.5237578102962
80000 80 0.395000000000002 8.6626545128396 0.392514113168273 -0.311224616339223 288.625905146135 12.6028447465906 17.9880310275495 37.6587353563764
81000 81 0.400000000000002 8.04786162949426 -0.0704844135343804 -0.0191816595283898 301.514800721967 12.5174105017435 18.0501535403816 37.7937129024566
82000 82 0.405000000000002 8.27399865494256 0.141966932398417 0.148760993958976 298.156586739412 12.4777587290094 18.0631556695175 37.9286904485368
83000 83 0.410000000000002 8.47912792070569 0.274763848036426 0.600424622290995 283.32392852004 12.4229234018723 18.1301489601724 38.063667994617
84000 84 0.415000000000002 7.69183740508255 0.15882396822546 -0.12281009687873 309.836597176678 12.367893628654 18.0910626682234 38.1986455406972
85000 85 0.420000000000002 8.37773928306603 0.0297008337922071 -0.355284181525033 301.869740677865 12.3695643856477 18.0590417933831 38.3336230867774
86000 86 0.425000000000002 7.49471988451571 -0.325596027016647 0.370714400099576 309.957391947419 12.2584922967383 18.1611986275621 38.4686006328576
87000 87 0.430000000000002 7.65835193414044 0.218374368071478 0.444338187109627 306.570990668959 12.2218737352192 18.1756137681648 38.6035781789378
88000 88 0.435000000000002 7.89541781903958 0.187486990794926 -0.0147829502391063 305.728819622493 12.2306994921298 18.1030092103111 38.738555725018
89000 89 0.440000000000002 7.77019906584724 -0.174486763692667 -0.111078143261278 296.060447336613 12.1559225308722 18.1408027631061 38.8735332710982
90000 90 0.445000000000002 8.17712699001137 -0.522095368359054 -0.362021262878344 289.652072526321 12.1203242036565 18.1377602969705 39.0085108171784
91000 91 0.450000000000002 7.38531262118494 -0.586860407437474 -0.24155769899443 319.79431204435 12.0401836276217 18.1782047977552 39.1434883632586
92000 92 0.455000000000002 7.22051743146346 -0.510991061637257 -0.0449858784645778 298.402741588407 11.9940977563882 18.1774274398983 39.2784659093388
93000 93 0.460000000000002 7.20310994435404 0.758509543633892 0.629002376902452 292.278009853557 11.9975602279059 18.1782181307162 39.413443455419
94000 94 0.465000000000002 6.60514195941897 0.0834747854104441 0.653175791872163 289.635310154397 11.9664274298207 18.1337972936702 39.5484210014992
95000 95 0.470000000000002 5.80027305085196 -0.0487094871131931 0.200104801221767 283.748739730421 11.9353080481736 18.0680812375934 39.6833985475794
96000 96 0.475000000000002 3.79259389546128 0.180219635353305 0.305883332196688 296.102037848183 11.8802710384355 17.9593635674669 39.8183760936596
97000 97 0.480000000000002 -0.666699524243441 -0.903397589020777 0.232315861962847 304.465479077728 11.7329719856693 17.8824880188273 39.9533536397399
98000 98 0.485000000000002 0.634176139089432 -0.135397752885901 0.290730723547155 305.655032425062 11.7317410108838 17.8990100245961 40.08833118582
99000 99 0.490000000000002 -0.314867642698404 -0.619893531770489 -0.307264741223505 300.577737850936 11.6151855518532 17.9429257290789 40.2233087319003
100000 100 0.495000000000002 -0.153150753906258 0.418231054093644 0.540119294642609 292.46207474608 11.5718051182945 18.0180797835468 40.3582862779805
101000 101 0.500000000000002 0.289328503120505 -0.202715067267441 0.554767057730228 308.362221987121 11.5230649821444 18.0198599885115 40.4932638240607
