step time_ps strain stress_z_GPa stress_x_GPa stress_y_GPa temp_K lx_A ly_A lz_A
1000 1 -2.08837825846853e-16 -2.60421644933128 -0.296697337601606 -3.64679291887046 1412.05531115526 15.394795016354 15.542720321949 68.0473216840672
2000 2 0.00499999999999965 -1.05599722927209 0.27421641763458 0.519521288922284 997.783165937246 14.8959682785888 15.8905545514583 68.3875582924875
3000 3 0.00999999999999972 4.66292536785703 3.50710891283622 4.51877354729134 1095.05618592354 15.6598625169518 16.0863706476177 68.7277949009079
4000 4 0.0149999999999998 -0.868524886135581 -0.207305961284946 -0.523597123865873 1084.18899916134 14.966753778777 15.7127574579814 69.0680315093282
5000 5 0.0199999999999997 -0.210468426630825 0.157292786700749 -0.16411985960351 946.550436476925 14.8252551431545 15.7368658647058 69.4082681177485
6000 6 0.0249999999999997 -0.871871961905462 -0.337684064637079 -0.501641138365336 1017.15636905502 14.8488299084412 15.6479312367136 69.7485047261689
7000 7 0.0299999999999998 0.512006233380636 -0.0744074878509726 0.417497940047381 1011.15613097981 14.6494782594549 15.7723470957441 70.0887413345892
8000 8 0.0349999999999997 0.264748544934565 -0.27596947424667 -0.173068551412666 1020.71492554748 14.5125573518867 15.8583345215533 70.4289779430095
9000 9 0.0399999999999997 1.37032535506959 0.245162109028493 -0.00481563179363634 979.673447201681 14.4996432685784 15.7687053259101 70.7692145514299
10000 10 0.0449999999999996 1.76160033880759 0.385140746420244 -0.2018945803761 1041.146508428 14.4610526779727 15.753425007746 71.1094511598502
11000 11 0.0499999999999997 1.05967568123304 -0.472786140157034 -0.959993632092339 991.63856980268 14.3752064102561 15.7353963373253 71.4496877682705
12000 12 0.0549999999999997 1.49094303036237 0.584994996222673 0.560659134405824 1007.58713345174 14.278246297443 15.836298158247 71.7899243766909
13000 13 0.0599999999999998 1.63726069762816 0.401773210346718 0.375070531441275 1008.28245809708 14.3241079055466 15.7255829101286 72.1301609851112
14000 14 0.0649999999999997 0.856210518154967 -0.66447311047827 0.0947767634755418 1011.98201635867 14.1874818050028 15.731746771205 72.4703975935315
15000 15 0.0699999999999997 2.19489750419905 0.583190544683993 0.904397960687 1045.74009223946 14.1567823706493 15.7671992365247 72.8106342019519
16000 16 0.0749999999999996 1.19397213466581 -0.211137274924507 -0.359332654451194 982.848624941241 14.1821143989803 15.6022917888516 73.1508708103722
17000 17 0.0799999999999997 1.85167083712553 0.138321731584286 0.533558147746302 1006.36809344209 14.17639510634 15.5755681856634 73.4911074187926
18000 18 0.0849999999999997 1.41766726124448 -0.368913694523288 0.0904324911640898 1042.31250009774 14.2329052932596 15.4125608930016 73.8313440272129
19000 19 0.0899999999999996 2.22982771273933 0.0321277779202308 1.06329421382467 956.593855255751 14.1319272620353 15.4885938972494 74.1715806356332
20000 20 0.0949999999999997 1.47761704723 -0.221496443351226 -0.0460676241039496 1002.67734313325 14.1946398256979 15.3240054903669 74.5118172440536
21000 21 0.0999999999999997 2.02355201056602 -0.411176609361628 -0.188969082497652 978.854178776333 14.1475225906112 15.2773050899276 74.8520538524739
22000 22 0.105 2.83577960553044 0.567019721342687 0.376376295347543 1022.54828069229 14.1562563291398 15.3010457209763 75.1922904608942
23000 23 0.11 2.57714588969625 0.0240364017813075 -0.0528529164538642 960.243216253679 14.1015034281634 15.213315319809 75.5325270693146
24000 24 0.115 2.20314518627084 0.554784251188989 -0.865797935413753 996.712290528064 14.2218559251361 15.0528335693698 75.8727636777349
25000 25 0.12 3.08428279415916 0.503677035130925 0.349989011110834 980.326791581125 14.1169937814442 15.1324743800893 76.2130002861552
26000 26 0.125 2.46602682888638 0.0957136471202916 -0.340054809401691 1023.89354675947 13.9270815830932 15.2243572262523 76.5532368945756
27000 27 0.13 2.42189131434471 0.747309131140253 0.369534049800714 1027.77848171007 14.0507373102129 15.0507058514519 76.8934735029959
28000 28 0.135 2.17752683781745 0.062841665327662 -0.530968641720952 999.749121634826 14.0177250971592 14.9549457772226 77.2337101114162
29000 29 0.14 1.80278858805234 0.408427094701741 0.441516575069886 1008.13405852592 14.0914185230833 14.833510777554 77.5739467198366
30000 30 0.145 2.01776266280878 0.0202358457210815 0.680841848986326 999.904912100421 14.0360503834986 14.8524154963892 77.9141833282569
31000 31 0.15 2.17218923425849 0.286042749202917 0.112057385556501 964.58275747109 14.0047740115969 14.7884690722458 78.2544199366773
32000 32 0.155 1.12370886188681 -0.443830903302389 -1.09051207611954 993.149640406464 14.0346892643313 14.6603944240304 78.5946565450976
33000 33 0.16 2.37311330499921 0.68452128537208 0.220144593501959 1012.36065223338 14.0833235420054 14.6139913766913 78.9348931535179
34000 34 0.165 1.64368527722296 -0.195402037152544 -0.743006482767428 1001.26360022869 13.95858501248 14.6258327218832 79.2751297619383
35000 35 0.17 1.93389591642728 0.571466896151789 0.268161579444294 1016.09145122084 13.8709565220284 14.6961368217509 79.6153663703586
36000 36 0.175 2.08859913053183 -0.481951355498273 -0.271301225939441 1019.78087916637 13.9005071706043 14.5757885956049 79.9556029787789
37000 37 0.18 2.46277636331047 0.290610019178783 0.624953015663486 997.442635411623 13.8900959845165 14.5754681237684 80.2958395871993
38000 38 0.185 1.65639592375706 -0.419454950891615 0.0971451896773309 1018.03442924924 13.8277636881262 14.6120468997924 80.6360761956196
39000 39 0.19 1.54732167504182 0.356677235952315 -0.0319790740268519 966.991203978662 13.8538235380375 14.4633431427922 80.9763128040399
40000 40 0.195 2.02113280434715 0.307278623039117 0.537690859971155 1020.64460212232 13.8384469353656 14.4832646065576 81.3165494124603
41000 41 0.2 1.44815531625477 0.0662104956501084 -0.0676296191069431 1017.29203055946 13.7842369530543 14.4220488086406 81.6567860208806
42000 42 0.205 2.61294172465865 0.489438710434323 -0.010678487354718 974.665172719477 13.7551120425895 14.4468156979326 81.9970226293009
43000 43 0.21 2.07951010695179 0.130542644974862 -0.348084885235253 1002.41956503876 13.7260917535587 14.3612519119495 82.3372592377213
44000 44 0.215 1.76901631072273 -9.44807953391672e-05 0.0980769185042133 960.064517217536 13.6669190379502 14.3323427999687 82.6774958461416
45000 45 0.22 2.59857519814145 0.845662986943842 0.550700576608458 984.13443918117 13.7109059825312 14.307381355072 83.017732454562
46000 46 0.225 1.77785837944191 -0.874644165714565 -0.15546235404541 1022.20358402148 13.5601536936344 14.3148837231854 83.3579690629823
47000 47 0.23 2.91871690973624 0.18475520781292 0.202281714324471 1042.76990912018 13.6574172538711 14.2361067866598 83.6982056714026
48000 48 0.235 2.2584182816049 0.0843629810714579 0.362931351411496 976.440213408648 13.6399598133434 14.1715588592033 84.038442279823
49000 49 0.24 1.76759126337284 -0.362432905709721 0.427101209239982 1021.73268635419 13.564809791708 14.1920883140706 84.3786788882433
50000 50 0.245 1.30389693586773 -0.790423822951851 -0.832254058247828 1016.21864815528 13.5350636482737 14.080143807009 84.7189154966636
51000 51 0.25 2.69055143480089 0.503649486303885 0.00654632018063242 1004.33233397338 13.5336927260422 14.1259543075375 85.059152105084
52000 52 0.255 1.85699548990509 -0.277611564077731 -0.684261961425258 1020.43693598255 13.5718437522707 13.996510950656 85.3993887135043
53000 53 0.26 1.61598085548595 -0.465474483135878 -0.414528309064483 978.759302017921 13.5222075071046 13.9992438559251 85.7396253219246
54000 54 0.265 2.19729532641936 0.525040555016667 1.16934638869779 842.610971623439 13.4555786657918 14.0800903477201 86.079861930345
55000 55 0.27 1.20677239036892 -0.0885321146449728 -0.563519857560909 1066.7653183171 13.5593870254804 13.8961759859054 86.4200985387653
56000 56 0.275 1.13022338248094 -0.221128540494606 -1.08727624834404 966.347248420253 13.5293392192341 13.7689546752442 86.7603351471857
57000 57 0.28 1.40792676049916 -0.326412689591728 0.234102372506861 999.163282583758 13.494160873937 13.8363241133606 87.100571755606
58000 58 0.285 1.07691120080038 0.0249261025235904 0.0759968312196012 1001.41878059384 13.4857706455348 13.7505087422013 87.4408083640263
59000 59 0.29 1.15974887480351 -0.49228137921164 -0.781402916163446 1023.41526429861 13.4999934495053 13.6631491757521 87.7810449724467
60000 60 0.295 1.92238248143016 0.684155796377899 0.0238400190876488 1021.68449780954 13.4760848967464 13.7079390037222 88.121281580867
61000 61 0.3 2.10172644447353 0.350275539841538 -0.244659729740291 1001.65324893682 13.495654896827 13.6114371944256 88.4615181892873
62000 62 0.305 2.08512925290984 -0.508943388501524 -0.0345406914814177 973.754594344861 13.4483576699908 13.5804076337952 88.8017547977077
63000 63 0.31 2.30370422916105 0.419734797576545 0.274948558656809 984.23505263707 13.4142396649651 13.6013698251769 89.141991406128
64000 64 0.315 0.957647248512783 -0.997771621613819 -1.20811364523344 1025.23472371395 13.3921096116798 13.4914783092961 89.4822280145483
65000 65 0.32 1.54369584309738 0.0425681379877843 -0.0249247175896399 994.228866145352 13.3868852988881 13.5125998401294 89.8224646229687
66000 66 0.325 1.77578470627412 -0.735105096167292 -0.556629067909737 1004.89160039502 13.2632104246774 13.5509671651296 90.162701231389
67000 67 0.33 2.06051881356532 -0.494932736733742 0.0497156728415886 1008.46957800481 13.2198004893107 13.5857308251074 90.5029378398093
68000 68 0.335 2.46930355092289 -0.179483483582318 0.568212838788974 968.258881548508 13.2272749173173 13.525730064416 90.8431744482297
69000 69 0.34 1.96267411053034 0.106015727244978 -0.372742830744656 957.689477944865 13.2745407164991 13.4231439654144 91.18341105665
70000 70 0.345 2.09524930901603 0.0289230121120138 -0.684321898013979 979.858712779235 13.236920560839 13.3882723355157 91.5236476650704
71000 71 0.35 2.33018421570703 0.0406916786270319 0.414460436183849 1011.76754883612 13.2418834445338 13.3717978139295 91.8638842734907
72000 72 0.355 2.45324411952949 0.397485338579626 0.0828127692424705 1001.88983704416 13.1708266153968 13.397519870037 92.204120881911
73000 73 0.36 2.07164269812859 -0.279086896361661 -0.662826406057726 1018.92104953774 13.0739795770536 13.4145666013953 92.5443574903314
74000 74 0.365 2.54819174574044 0.738822446499563 0.339767513705289 1015.51805400555 13.147543133103 13.350745287547 92.8845940987517
75000 75 0.37 1.3397982383745 0.0288836839183506 -0.717910746770638 986.116735225883 13.1329139860963 13.2366330794125 93.224830707172
76000 76 0.375 1.47243944439042 0.233917946092771 0.519236029300342 1020.2922193031 12.9782753872945 13.3738845400192 93.5650673155924
77000 77 0.38 1.84046612945294 -0.59892310724904 -0.276321476664942 987.146235253 12.876329372719 13.4000374707476 93.9053039240127
78000 78 0.385 1.9944319715838 -0.358706627855968 0.0379618499683861 1016.18731952456 12.9236135700054 13.3400168653735 94.245540532433
79000 79 0.39 1.10851095364144 -0.708741854565609 -0.822552091506649 1018.38707892899 12.8217959850239 13.3288512875866 94.5857771408534
80000 80 0.395 2.2636268970167 0.58926667437339 0.687578087790975 1002.61825737624 12.7766066800925 13.4087587480986 94.9260137492737
81000 81 0.4 2.10184378267363 0.26642631818421 0.184472185975504 979.077470113799 12.6606430819813 13.4561011570501 95.266250357694
82000 82 0.405 1.19988695196113 -0.889771863549597 -1.0376974643019 1045.00963589606 12.6513445469054 13.3592612783537 95.6064869661144
83000 83 0.41 1.74268409146423 0.754520518016056 0.825447975414004 1023.05632622486 12.5980951435357 13.4618110072726 95.9467235745347
84000 84 0.415 1.40740341132197 -0.0195731785939826 -0.65889013282919 982.633656476869 12.681663624325 13.2475484040528 96.2869601829551
85000 85 0.42 2.29924905664689 0.591260477664113 0.836164401137607 996.972982374481 12.5360693875191 13.4299793546457 96.6271967913754
86000 86 0.425 0.594953871409212 -0.762802407933235 -0.443785161158302 986.674732931084 12.5077313942458 13.2976500252558 96.9674333997957
87000 87 0.43 1.45938631155101 0.54807760843553 0.0472448408475314 1017.42172360106 12.5505511615261 13.269978437912 97.3076700082161
88000 88 0.435 1.58164169448988 0.0471168759164034 0.0225450275230441 991.86848753357 12.4709877734131 13.2906838965185 97.6479066166364
89000 89 0.44 1.48152656984398 -0.0672103857450744 0.0941969697790714 988.138481702645 12.4779990388868 13.24412402891 97.9881432250567
90000 90 0.445 1.62502188349337 0.564614567157694 0.730393968504849 1037.44073104487 12.4630737869376 13.2477205652966 98.3283798334771
91000 91 0.45 1.80076493918786 -0.187834265165097 0.557668208495936 981.392677893291 12.3478805178798 13.2906799347831 98.6686164418974
92000 92 0.455 2.16724478814191 0.330466123126735 0.12122363506709 993.430623982748 12.3673096609083 13.2532936207222 99.0088530503178
93000 93 0.46 1.8846565848065 0.0550659202152043 -0.601259594061155 968.928974236876 12.4070831246492 13.1567636220452 99.3490896587381
94000 94 0.465 1.39644160334383 0.420287849223445 0.234382311008153 1027.90792392154 12.3486590496858 13.1683999651139 99.6893262671584
95000 95 0.47 2.17817878886275 1.83910094160779 0.849575822707652 1167.71023583444 12.2746663983565 13.2196754089651 100.029562875579
96000 96 0.475 1.74424031796268 0.821371028032685 0.396756874400258 977.035547255289 12.2984818082301 13.1814074680527 100.369799483999
97000 97 0.48 1.59785271296001 1.07224133182421 0.228563659917098 1048.9715356697 12.2543935024647 13.1912915221837 100.710036092419
98000 98 0.485 0.965334341527186 0.422085240382014 -0.649434461952843 938.170872205456 12.2776170731435 13.046635320911 101.05027270084
99000 99 0.49 0.545661512412529 -0.352766907399211 -0.231260573660594 1024.70627397879 12.1962877518349 13.0560348769907 101.39050930926
100000 100 0.495 0.936866838753136 0.436334823711545 0.627975894714798 1023.2970240645 12.197489989361 13.0550152997025 101.73074591768
101000 101 0.5 -1.20432457707002 -0.895764686493346 -0.289301263203861 1018.78138021234 12.1767070592504 13.0329254300136 102.070982526101
