# source /gauss9/home/cityu/chefan/scratch/run/lammps/calc/DPA/3.1/DPA1_7ele_cry260226/straining/20_20_40/300K/nose_hoover/sxx_0_syy_0_szz_1.0e9_sxy_0_sxz_0_syz_0/Cu/fcc_100/stress_info.dat
# axis z
# fit_points 5
# l0 43.75749572523257
# strain stress
0.0000000000e+00 0.0000000000e+00
7.1502486527e-05 7.6418184802e-02
2.7153678979e-04 3.0051246822e-01
4.7161110391e-04 3.7617648066e-01
6.7172543690e-04 4.7430597367e-01
8.7187979675e-04 3.6804265320e-01
1.0720741915e-03 2.0962144662e-01
1.2723086291e-03 6.2224924744e-02
1.4725831176e-03 -3.4853792037e-02
1.6728976650e-03 -1.3885219899e-01
1.8732522793e-03 -1.7722093472e-01
2.0736469686e-03 -8.3107311959e-02
2.2740817408e-03 -7.8318557050e-02
2.4745566040e-03 3.4181642053e-02
2.6750715661e-03 1.5258240350e-01
2.8756266353e-03 2.3557356537e-01
3.0762218194e-03 3.3761993401e-01
3.2768571267e-03 3.8774185038e-01
3.4775325650e-03 3.7282070781e-01
3.6782481424e-03 3.1172083078e-01
3.8790038669e-03 2.3867796153e-01
4.0797997466e-03 1.0515892016e-01
4.2806357895e-03 1.0330213090e-01
4.4815120036e-03 5.5639898075e-02
4.6824283970e-03 1.1206452193e-01
4.8833849776e-03 5.7107910963e-02
5.0843817536e-03 1.5439773684e-01
5.2854187330e-03 2.2925368372e-01
5.4864959238e-03 3.9532879916e-01
5.6876133341e-03 5.0193639406e-01
5.8887709718e-03 6.3764327584e-01
6.0899688451e-03 5.8139985793e-01
6.2912069620e-03 6.1998644393e-01
6.4924853306e-03 4.1840098074e-01
6.6938039589e-03 4.6504250668e-01
6.8951628549e-03 5.0134922882e-01
7.0965620267e-03 3.5054825039e-01
7.2980014824e-03 3.9824724946e-01
7.4994812300e-03 3.4142997715e-01
7.7010012775e-03 3.8033039084e-01
7.9025616332e-03 2.8330390609e-01
8.1041623049e-03 3.6004209838e-01
8.3058033008e-03 4.0386807258e-01
8.5074846289e-03 4.9043532900e-01
8.7092062973e-03 4.7542106809e-01
8.9109683141e-03 6.9175317754e-01
9.1127706873e-03 6.6276635611e-01
9.3146134251e-03 6.0093246995e-01
9.5164965354e-03 5.7346128065e-01
9.7184200264e-03 6.3395343840e-01
9.9203839061e-03 5.0169614840e-01
1.0122388183e-02 5.8457951927e-01
1.0324432864e-02 6.1584699136e-01
1.0526517958e-02 6.4463458077e-01
1.0728643474e-02 7.7298664268e-01
1.0930809419e-02 6.7825963393e-01
1.1133015800e-02 7.6681612224e-01
1.1335262628e-02 8.0710266914e-01
1.1537549908e-02 8.3867517768e-01
1.1739877650e-02 8.4112886665e-01
1.1942245862e-02 7.5458740710e-01
1.2144654551e-02 8.2054768598e-01
1.2347103726e-02 7.1724529329e-01
1.2549593395e-02 6.5518277267e-01
1.2752123566e-02 6.9123002107e-01
1.2954694248e-02 7.6572947811e-01
1.3157305447e-02 7.7972350211e-01
1.3359957172e-02 8.2713413366e-01
1.3562649432e-02 8.6972405918e-01
1.3765382235e-02 8.6580550130e-01
1.3968155588e-02 9.6785770502e-01
1.4170969500e-02 9.9672547918e-01
1.4373823979e-02 1.0551668102e+00
1.4576719032e-02 1.0347063603e+00
1.4779654669e-02 9.6963146081e-01
1.4982630897e-02 1.0004415830e+00
1.5185647724e-02 9.4653899701e-01
1.5388705159e-02 1.0386754388e+00
1.5591803209e-02 9.8466613405e-01
1.5794941883e-02 9.1021719532e-01
1.5998121188e-02 1.0639083149e+00
1.6201341134e-02 1.0588607413e+00
1.6404601727e-02 1.0852763864e+00
1.6607902977e-02 1.1518131853e+00
1.6811244891e-02 1.1902162668e+00
1.7014627478e-02 1.2634954663e+00
1.7218050745e-02 1.2855624399e+00
1.7421514701e-02 1.2347037307e+00
1.7625019354e-02 1.3912609332e+00
1.7828564711e-02 1.3435621260e+00
1.8032150782e-02 1.2699817089e+00
1.8235777574e-02 1.2549161080e+00
1.8439445096e-02 1.1867799402e+00
1.8643153355e-02 1.1442705255e+00
1.8846902360e-02 1.0885806479e+00
1.9050692119e-02 1.1886773588e+00
1.9254522640e-02 1.2272437088e+00
1.9458393930e-02 1.3562962370e+00
1.9662306000e-02 1.4086472559e+00
1.9866258856e-02 1.5387431141e+00
2.0070252506e-02 1.5170124406e+00
2.0274286959e-02 1.6122151272e+00
2.0478362224e-02 1.5954203389e+00
2.0682478307e-02 1.6250775028e+00
2.0886635218e-02 1.5369541554e+00
2.1090832964e-02 1.4511346308e+00
2.1295071554e-02 1.3332192670e+00
2.1499350995e-02 1.2458783041e+00
2.1703671297e-02 1.3027358057e+00
2.1908032466e-02 1.3842506321e+00
2.2112434512e-02 1.4123974823e+00
2.2316877443e-02 1.5923415400e+00
2.2521361266e-02 1.7101761526e+00
2.2725885990e-02 1.6868272563e+00
2.2930451623e-02 1.7957664491e+00
2.3135058173e-02 1.8652696199e+00
2.3339705649e-02 1.9520378736e+00
2.3544394058e-02 1.9091617284e+00
2.3749123410e-02 1.8492162949e+00
2.3953893711e-02 1.6664258227e+00
2.4158704970e-02 1.7043566502e+00
2.4363557195e-02 1.5457438339e+00
2.4568450395e-02 1.5194083153e+00
2.4773384578e-02 1.5694446228e+00
2.4978359752e-02 1.6008450118e+00
2.5183375925e-02 1.7321420923e+00
2.5388433105e-02 1.7751896461e+00
2.5593531301e-02 1.7684367266e+00
2.5798670520e-02 2.0764055708e+00
2.6003850772e-02 2.0537425561e+00
2.6209072063e-02 2.0686551601e+00
2.6414334403e-02 2.0285759595e+00
2.6619637800e-02 2.0791389669e+00
2.6824982261e-02 1.9062763894e+00
2.7030367795e-02 2.0209877789e+00
2.7235794411e-02 1.9159526403e+00
2.7441262116e-02 1.8177114132e+00
2.7646770919e-02 1.8387338699e+00
2.7852320827e-02 1.8017401178e+00
2.8057911850e-02 1.8786007244e+00
2.8263543995e-02 1.9761403358e+00
2.8469217270e-02 2.0858474706e+00
2.8674931684e-02 2.0662237162e+00
2.8880687245e-02 2.2329768761e+00
2.9086483962e-02 2.2789578380e+00
2.9292321842e-02 2.2837096567e+00
2.9498200893e-02 2.2891070979e+00
2.9704121125e-02 2.2461861291e+00
2.9910082545e-02 2.2308689155e+00
3.0116085161e-02 2.2312467731e+00
3.0322128981e-02 2.1771111398e+00
3.0528214015e-02 2.1336631471e+00
3.0734340270e-02 2.0973906884e+00
3.0940507754e-02 2.0818779084e+00
3.1146716476e-02 2.0916121830e+00
3.1352966443e-02 2.1139244291e+00
3.1559257665e-02 2.1124676132e+00
3.1765590149e-02 2.1747978655e+00
3.1971963904e-02 2.3411990260e+00
3.2178378937e-02 2.4042338666e+00
3.2384835258e-02 2.5418681627e+00
3.2591332874e-02 2.5558985691e+00
3.2797871794e-02 2.6293554812e+00
3.3004452026e-02 2.5657699949e+00
3.3211073577e-02 2.4818111187e+00
3.3417736458e-02 2.5570518210e+00
3.3624440675e-02 2.5124437784e+00
3.3831186237e-02 2.3588261660e+00
3.4037973152e-02 2.4047904988e+00
3.4244801429e-02 2.3812283786e+00
3.4451671075e-02 2.4397179466e+00
3.4658582100e-02 2.4708976397e+00
3.4865534511e-02 2.5039461952e+00
3.5072528317e-02 2.6022000886e+00
3.5279563525e-02 2.6109508781e+00
3.5486640145e-02 2.6861861369e+00
3.5693758184e-02 2.7531266190e+00
3.5900917651e-02 2.8467999718e+00
3.6108118554e-02 2.8297276365e+00
3.6315360901e-02 2.7692975784e+00
3.6522644701e-02 2.8909017736e+00
3.6729969962e-02 2.8291700469e+00
3.6937336692e-02 2.7461479381e+00
3.7144744899e-02 2.7487329660e+00
3.7352194592e-02 2.7825719601e+00
3.7559685780e-02 2.7279527305e+00
3.7767218469e-02 2.5958951673e+00
3.7974792670e-02 2.6747188864e+00
3.8182408389e-02 2.7365907382e+00
3.8390065636e-02 2.7891522061e+00
3.8597764418e-02 2.9498870026e+00
3.8805504744e-02 3.0023283875e+00
3.9013286623e-02 3.1518776551e+00
3.9221110062e-02 3.2136097225e+00
3.9428975070e-02 3.1729597995e+00
3.9636881655e-02 3.0755263200e+00
3.9844829825e-02 3.0941113917e+00
4.0052819589e-02 3.0749605104e+00
4.0260850956e-02 3.0204088646e+00
4.0468923933e-02 3.0285886055e+00
4.0677038528e-02 2.9268717171e+00
4.0885194751e-02 2.9579653145e+00
4.1093392609e-02 2.9884382033e+00
4.1301632111e-02 3.1062164190e+00
4.1509913264e-02 3.0773434177e+00
4.1718236079e-02 3.2456820181e+00
4.1926600562e-02 3.2292071998e+00
4.2135006722e-02 3.3114298565e+00
4.2343454567e-02 3.4429756706e+00
4.2551944106e-02 3.4187276575e+00
4.2760475348e-02 3.4306902765e+00
4.2969048299e-02 3.4890548436e+00
4.3177662970e-02 3.5288166254e+00
4.3386319367e-02 3.3377981465e+00
4.3595017500e-02 3.3971124849e+00
4.3803757377e-02 3.3316727281e+00
4.4012539006e-02 3.2473792805e+00
4.4221362395e-02 3.2110423733e+00
4.4430227554e-02 3.1890926631e+00
4.4639134489e-02 3.1663922157e+00
4.4848083210e-02 3.3541901959e+00
4.5057073725e-02 3.4199750592e+00
4.5266106042e-02 3.4635619794e+00
4.5475180170e-02 3.3971407520e+00
4.5684296117e-02 3.5975182320e+00
4.5893453892e-02 3.6017629207e+00
4.6102653502e-02 3.6811000783e+00
4.6311894956e-02 3.7037788706e+00
4.6521178262e-02 3.6967850367e+00
4.6730503430e-02 3.6899382594e+00
4.6939870467e-02 3.6789557669e+00
4.7149279381e-02 3.6552167075e+00
4.7358730181e-02 3.5249090908e+00
4.7568222876e-02 3.5549900674e+00
4.7777757473e-02 3.5842518286e+00
4.7987333982e-02 3.6302809611e+00
4.8196952409e-02 3.6728683503e+00
4.8406612765e-02 3.6737998975e+00
4.8616315057e-02 3.7137955889e+00
4.8826059294e-02 3.8495858258e+00
4.9035845484e-02 3.8237305914e+00
4.9245673635e-02 4.0460240703e+00
4.9455543756e-02 3.9768723337e+00
4.9665455855e-02 3.9926477773e+00
4.9875409941e-02 3.9713728300e+00
5.0085406022e-02 3.9710014500e+00
5.0295444107e-02 3.8206294091e+00
5.0505524203e-02 3.9000193530e+00
5.0715646319e-02 3.8560406186e+00
5.0925810464e-02 3.8001429048e+00
5.1136016646e-02 3.8687296294e+00
5.1346264873e-02 3.8984251630e+00
5.1556555155e-02 3.9816078619e+00
5.1766887498e-02 4.0107275726e+00
5.1977261913e-02 4.0852438663e+00
5.2187678406e-02 4.1835829396e+00
5.2398136987e-02 4.3185593750e+00
5.2608637663e-02 4.1796696639e+00
5.2819180445e-02 4.2744695020e+00
5.3029765338e-02 4.2460983689e+00
5.3240392354e-02 4.2502277842e+00
5.3451061498e-02 4.2222659046e+00
5.3661772781e-02 4.1487292489e+00
5.3872526210e-02 4.1821582641e+00
5.4083321794e-02 4.1965051060e+00
5.4294159542e-02 4.1207229675e+00
5.4505039461e-02 4.2147943262e+00
5.4715961560e-02 4.1119762002e+00
5.4926925848e-02 4.2539899959e+00
5.5137932333e-02 4.3384809125e+00
5.5348981024e-02 4.2282419138e+00
5.5560071929e-02 4.4783707548e+00
5.5771205056e-02 4.4309483835e+00
5.5982380413e-02 4.4835672325e+00
5.6193598011e-02 4.4657350304e+00
5.6404857855e-02 4.5183933200e+00
5.6616159957e-02 4.5769925073e+00
5.6827504322e-02 4.5848759622e+00
5.7038890961e-02 4.5769332344e+00
5.7250319881e-02 4.5746221078e+00
5.7461791092e-02 4.4525409996e+00
5.7673304601e-02 4.5246057056e+00
5.7884860417e-02 4.5460383310e+00
5.8096458548e-02 4.5534888015e+00
5.8308099003e-02 4.6572281075e+00
5.8519781790e-02 4.6872792129e+00
5.8731506918e-02 4.7210003917e+00
5.8943274396e-02 4.7669454201e+00
5.9155084231e-02 4.9010292639e+00
5.9366936432e-02 4.8072682240e+00
5.9578831008e-02 4.9061287236e+00
5.9790767968e-02 4.9842244981e+00
6.0002747318e-02 4.8739776340e+00
6.0214769069e-02 4.7861313472e+00
6.0426833229e-02 4.9234833076e+00
6.0638939805e-02 4.8744493042e+00
6.0851088808e-02 4.7159021311e+00
6.1063280244e-02 4.8249422366e+00
6.1275514122e-02 4.7913714625e+00
6.1487790452e-02 4.7955862198e+00
6.1700109241e-02 4.8580853952e+00
6.1912470499e-02 4.8893291265e+00
6.2124874233e-02 4.9504349395e+00
6.2337320451e-02 5.0168595784e+00
6.2549809164e-02 5.0658323161e+00
6.2762340378e-02 5.1849822082e+00
6.2974914102e-02 5.1923814671e+00
6.3187530346e-02 5.1581806109e+00
6.3400189117e-02 5.2015715415e+00
6.3612890425e-02 5.1249259220e+00
6.3825634276e-02 5.1712722550e+00
6.4038420681e-02 5.0360464946e+00
6.4251249648e-02 5.0118463845e+00
6.4464121184e-02 5.0217887371e+00
6.4677035299e-02 5.0475401471e+00
6.4889992001e-02 4.9699629959e+00
6.5102991299e-02 5.0600950185e+00
6.5316033200e-02 5.2777679530e+00
6.5529117715e-02 5.2552358623e+00
6.5742244850e-02 5.2735614765e+00
6.5955414615e-02 5.3065298718e+00
6.6168627019e-02 5.3261634418e+00
6.6381882069e-02 5.3532706730e+00
6.6595179775e-02 5.4522845775e+00
6.6808520144e-02 5.4499358425e+00
6.7021903185e-02 5.4372816906e+00
6.7235328908e-02 5.6115329819e+00
6.7448797320e-02 5.5022505132e+00
6.7662308430e-02 5.4137456230e+00
6.7875862246e-02 5.5156096743e+00
6.8089458777e-02 5.5510688726e+00
6.8303098032e-02 5.3303436151e+00
6.8516780020e-02 5.3359078771e+00
6.8730504747e-02 5.4179045085e+00
6.8944272224e-02 5.3627205404e+00
6.9158082459e-02 5.3388258795e+00
6.9371935460e-02 5.3695268976e+00
6.9585831236e-02 5.3929141084e+00
6.9799769795e-02 5.4831221881e+00
7.0013751147e-02 5.4992889600e+00
7.0227775299e-02 5.6514156924e+00
7.0441842260e-02 5.7071982024e+00
7.0655952039e-02 5.8177151314e+00
7.0870104644e-02 5.9052587468e+00
7.1084300083e-02 5.8197844123e+00
7.1298538366e-02 5.8453274900e+00
7.1512819501e-02 5.9110059755e+00
7.1727143497e-02 5.7486247177e+00
7.1941510362e-02 5.7341308683e+00
7.2155920104e-02 5.7645779918e+00
7.2370372733e-02 5.6787683165e+00
7.2584868256e-02 5.6735520169e+00
7.2799406683e-02 5.7619927141e+00
7.3013988022e-02 5.6758281156e+00
7.3228612281e-02 5.7952323416e+00
7.3443279469e-02 5.8009093143e+00
7.3657989596e-02 5.7873047268e+00
7.3872742668e-02 5.9077467611e+00
7.4087538695e-02 5.9717251965e+00
7.4302377686e-02 6.0389110304e+00
7.4517259649e-02 5.9916986752e+00
7.4732184593e-02 6.0966066664e+00
7.4947152526e-02 6.0446503995e+00
7.5162163457e-02 5.9936297754e+00
7.5377217394e-02 6.0562881153e+00
7.5592314347e-02 6.0581767186e+00
7.5807454323e-02 6.0336826948e+00
7.6022637331e-02 6.0225962885e+00
7.6237863381e-02 6.0990613889e+00
7.6453132480e-02 6.0916180435e+00
7.6668444637e-02 6.1474132467e+00
7.6883799860e-02 6.1227538140e+00
7.7099198159e-02 6.2202071765e+00
7.7314639542e-02 6.1626937907e+00
7.7530124018e-02 6.3053856415e+00
7.7745651595e-02 6.3356031634e+00
7.7961222282e-02 6.3653228811e+00
7.8176836087e-02 6.2992539909e+00
7.8392493019e-02 6.4056479527e+00
7.8608193087e-02 6.2711625819e+00
7.8823936299e-02 6.1723047969e+00
7.9039722664e-02 6.2211786705e+00
7.9255552191e-02 6.1755290254e+00
7.9471424888e-02 6.2629292419e+00
7.9687340764e-02 6.2239380142e+00
7.9903299827e-02 6.3343002115e+00
8.0119302087e-02 6.2581729756e+00
8.0335347551e-02 6.3403277765e+00
8.0551436229e-02 6.3476554937e+00
8.0767568128e-02 6.3760446215e+00
8.0983743259e-02 6.3731542338e+00
8.1199961628e-02 6.5636853578e+00
8.1416223246e-02 6.5156264729e+00
8.1632528121e-02 6.6890358562e+00
8.1848876260e-02 6.5988861367e+00
8.2065267674e-02 6.6967350380e+00
8.2281702370e-02 6.6939918279e+00
8.2498180358e-02 6.6187371792e+00
8.2714701645e-02 6.4015405018e+00
8.2931266241e-02 6.3903855935e+00
8.3147874155e-02 6.4506776586e+00
8.3364525394e-02 6.4915375973e+00
8.3581219968e-02 6.5195460511e+00
8.3797957885e-02 6.4690054980e+00
8.4014739154e-02 6.6489785272e+00
8.4231563783e-02 6.6334758228e+00
8.4448431782e-02 6.7122594176e+00
8.4665343159e-02 6.5509012727e+00
8.4882297922e-02 6.8546677724e+00
8.5099296081e-02 6.8331171621e+00
8.5316337644e-02 6.8514969162e+00
8.5533422619e-02 6.9913282610e+00
8.5750551016e-02 7.0212247274e+00
8.5967722842e-02 7.0565363173e+00
8.6184938108e-02 6.8817440058e+00
8.6402196820e-02 6.8910102748e+00
8.6619498989e-02 6.8350567797e+00
8.6836844623e-02 6.7022443852e+00
8.7054233730e-02 6.7850702566e+00
8.7271666319e-02 6.7216245752e+00
8.7489142399e-02 6.7332024896e+00
8.7706661979e-02 6.6784041571e+00
8.7924225067e-02 6.5535383590e+00
8.8141831672e-02 6.2655197246e+00
8.8359481803e-02 6.2101632513e+00
8.8577175468e-02 5.7700586861e+00
8.8794912676e-02 5.5306423265e+00
8.9012693436e-02 5.1503646735e+00
8.9230517756e-02 5.0205323786e+00
8.9448385646e-02 5.1138228049e+00
8.9666297113e-02 5.1558238531e+00
8.9884252167e-02 4.9989263571e+00
9.0102250817e-02 4.9920933707e+00
9.0320293071e-02 4.5465277387e+00
9.0538378937e-02 4.0219850282e+00
9.0756508425e-02 3.6210216668e+00
9.0974681543e-02 3.2001169763e+00
9.1192898301e-02 3.7556286125e+00
9.1411158706e-02 4.3947721421e+00
9.1629462767e-02 4.3726490179e+00
9.1847810494e-02 3.8910894620e+00
9.2066201894e-02 3.6825168438e+00
9.2284636977e-02 3.7944203998e+00
9.2503115752e-02 4.1466692149e+00
9.2721638227e-02 4.2246573110e+00
9.2940204410e-02 4.2943523191e+00
9.3158814311e-02 4.3052903614e+00
9.3377467939e-02 4.4909281533e+00
9.3596165301e-02 4.7413555312e+00
9.3814906408e-02 5.2402491148e+00
9.4033691267e-02 5.6146272220e+00
9.4252519887e-02 5.5814279129e+00
9.4471392278e-02 5.6118551761e+00
9.4690308447e-02 5.5413736029e+00
9.4909268404e-02 5.8164642618e+00
9.5128272157e-02 5.8629077572e+00
9.5347319716e-02 5.9088901029e+00
9.5566411088e-02 5.8676811309e+00
9.5785546283e-02 5.9078258757e+00
9.6004725310e-02 5.9573953895e+00
9.6223948176e-02 5.9154851411e+00
9.6443214892e-02 6.0722082916e+00
9.6662525465e-02 6.0816283134e+00
9.6881879905e-02 5.9821536823e+00
9.7101278220e-02 5.9947773770e+00
9.7320720419e-02 6.0838451919e+00
9.7540206511e-02 6.2022177257e+00
9.7759736505e-02 6.1271646031e+00
9.7979310409e-02 6.1627082202e+00
9.8198928232e-02 6.0651951660e+00
9.8418589983e-02 6.1730210429e+00
9.8638295671e-02 6.1848258964e+00
9.8858045304e-02 6.2400374921e+00
9.9077838892e-02 6.2007918845e+00
9.9297676442e-02 6.1154476022e+00
9.9517557965e-02 6.0936402678e+00
9.9737483469e-02 6.2984598407e+00
9.9957452962e-02 6.2980555792e+00
1.0017746645e-01 6.2062582848e+00
1.0039752395e-01 6.2889936857e+00
1.0061762547e-01 6.2512242729e+00
1.0083777100e-01 6.3413481774e+00
1.0105796058e-01 6.3546755672e+00
1.0127819419e-01 6.2778285731e+00
1.0149847186e-01 6.3438120994e+00
1.0171879358e-01 6.4007328132e+00
1.0193915938e-01 6.4825420901e+00
1.0215956925e-01 6.4748073561e+00
1.0238002321e-01 6.4466361712e+00
1.0260052126e-01 6.5655958294e+00
1.0282106342e-01 6.5245737955e+00
1.0304164969e-01 6.6890658839e+00
1.0326228008e-01 6.6798315401e+00
1.0348295461e-01 6.5546411859e+00
1.0370367327e-01 6.5392630185e+00
1.0392443608e-01 6.6884776032e+00
1.0414524304e-01 6.5993550222e+00
1.0436609418e-01 6.6127184767e+00
1.0458698949e-01 6.6446298214e+00
1.0480792898e-01 6.6298163204e+00
1.0502891266e-01 6.6660379893e+00
1.0524994054e-01 6.9113926713e+00
1.0547101264e-01 6.7411733321e+00
1.0569212895e-01 6.8083213658e+00
1.0591328949e-01 6.9108501327e+00
1.0613449427e-01 6.7826067198e+00
1.0635574329e-01 6.8349177036e+00
1.0657703657e-01 7.0480692616e+00
1.0679837411e-01 6.8020802554e+00
1.0701975592e-01 6.9419365050e+00
1.0724118202e-01 6.8821117215e+00
1.0746265240e-01 6.8675516840e+00
1.0768416708e-01 6.8508430426e+00
1.0790572607e-01 6.8535516629e+00
1.0812732937e-01 6.8582014840e+00
1.0834897700e-01 6.8869122539e+00
1.0857066897e-01 7.0533313271e+00
1.0879240527e-01 7.1160718681e+00
1.0901418593e-01 7.0814606273e+00
1.0923601095e-01 7.1455050869e+00
1.0945788034e-01 7.0770364983e+00
1.0967979411e-01 7.1274435567e+00
1.0990175226e-01 7.1841769944e+00
1.1012375481e-01 7.2346455485e+00
1.1034580177e-01 7.1891932057e+00
1.1056789313e-01 7.0826789151e+00
1.1079002893e-01 7.1627385294e+00
1.1101220915e-01 7.2159236550e+00
1.1123443381e-01 7.2359251711e+00
1.1145670293e-01 7.2604078826e+00
1.1167901650e-01 7.2078438735e+00
1.1190137454e-01 7.3345242274e+00
1.1212377705e-01 7.3503623266e+00
1.1234622405e-01 7.4100510998e+00
1.1256871554e-01 7.2718720463e+00
1.1279125154e-01 7.3693623038e+00
1.1301383205e-01 7.4923561359e+00
1.1323645707e-01 7.3757108543e+00
1.1345912663e-01 7.3992536468e+00
1.1368184073e-01 7.4365100606e+00
1.1390459937e-01 7.4064472205e+00
1.1412740257e-01 7.4644162071e+00
1.1435025033e-01 7.5053697194e+00
1.1457314267e-01 7.4847016554e+00
1.1479607959e-01 7.4542555712e+00
1.1501906111e-01 7.4850811888e+00
1.1524208722e-01 7.4456741245e+00
1.1546515795e-01 7.4505988290e+00
1.1568827329e-01 7.5156385256e+00
1.1591143326e-01 7.5629048144e+00
1.1613463786e-01 7.4037440430e+00
1.1635788712e-01 7.6130470754e+00
1.1658118102e-01 7.7812674011e+00
1.1680451959e-01 7.7411148257e+00
1.1702790283e-01 7.7234207657e+00
1.1725133076e-01 7.7478069467e+00
1.1747480337e-01 7.7234339885e+00
1.1769832068e-01 7.8432406177e+00
1.1792188270e-01 7.8119911061e+00
1.1814548944e-01 7.7325025836e+00
1.1836914090e-01 7.7825871891e+00
1.1859283710e-01 7.9187903542e+00
1.1881657804e-01 7.6917330750e+00
1.1904036373e-01 7.7167064108e+00
1.1926419419e-01 7.6847373809e+00
1.1948806941e-01 7.7454056822e+00
1.1971198942e-01 7.7308169504e+00
1.1993595421e-01 7.7968757424e+00
1.2015996380e-01 7.5607683154e+00
1.2038401820e-01 7.6568220724e+00
1.2060811741e-01 7.6251082949e+00
1.2083226145e-01 7.7908479753e+00
1.2105645032e-01 7.6774944201e+00
1.2128068403e-01 7.6072497459e+00
1.2150496259e-01 7.5672285366e+00
1.2172928602e-01 7.5952517367e+00
1.2195365431e-01 7.7031316961e+00
1.2217806748e-01 7.7232189536e+00
1.2240252554e-01 7.7905701366e+00
1.2262702850e-01 7.7747319067e+00
1.2285157636e-01 7.8179801436e+00
1.2307616913e-01 7.7402214461e+00
1.2330080683e-01 7.5058141657e+00
1.2352548946e-01 7.3096190883e+00
1.2375021703e-01 6.6314971362e+00
1.2397498955e-01 5.7668309135e+00
1.2419980702e-01 4.5402164816e+00
1.2442466947e-01 2.8585488004e+00
1.2464957690e-01 2.8109080142e+00
1.2487452931e-01 3.9563382131e+00
1.2509952671e-01 4.4366549982e+00
1.2532456912e-01 4.4853228184e+00
1.2554965654e-01 4.3906104333e+00
1.2577478898e-01 4.5696694242e+00
1.2599996646e-01 4.5743968218e+00
1.2622518897e-01 4.6421980422e+00
1.2645045654e-01 4.7162678748e+00
1.2667576916e-01 4.7481078968e+00
1.2690112685e-01 4.6105462085e+00
1.2712652961e-01 4.8842208326e+00
1.2735197746e-01 4.6353827624e+00
1.2757747041e-01 4.8144174542e+00
1.2780300845e-01 4.7364339330e+00
1.2802859161e-01 4.9069453123e+00
1.2825421989e-01 4.8179622377e+00
1.2847989331e-01 4.8228968017e+00
1.2870561185e-01 4.9489584757e+00
1.2893137555e-01 4.9615721511e+00
1.2915718441e-01 4.9106337126e+00
1.2938303843e-01 5.0739351259e+00
1.2960893763e-01 4.9292475923e+00
1.2983488201e-01 5.2350762920e+00
1.3006087158e-01 5.0938058419e+00
1.3028690636e-01 5.2393547522e+00
1.3051298635e-01 5.2282037917e+00
1.3073911156e-01 5.1119176352e+00
1.3096528200e-01 5.2491448613e+00
1.3119149767e-01 5.1638417451e+00
1.3141775860e-01 5.3240252036e+00
1.3164406478e-01 5.3041209300e+00
1.3187041623e-01 5.2883622433e+00
1.3209681295e-01 5.4337220097e+00
1.3232325495e-01 5.2973749985e+00
1.3254974225e-01 5.4081752918e+00
1.3277627485e-01 5.4286499136e+00
1.3300285277e-01 5.4432814250e+00
1.3322947600e-01 5.5033957447e+00
1.3345614456e-01 5.4649524793e+00
1.3368285846e-01 5.6133060049e+00
1.3390961771e-01 5.7147543864e+00
1.3413642231e-01 5.5105779362e+00
1.3436327228e-01 5.5864371052e+00
1.3459016762e-01 5.6178983089e+00
1.3481710835e-01 5.6053649763e+00
1.3504409447e-01 5.6848216008e+00
1.3527112599e-01 5.6876531096e+00
1.3549820292e-01 5.6482637659e+00
1.3572532527e-01 5.7393904151e+00
1.3595249305e-01 5.6805739672e+00
1.3617970627e-01 5.6859556624e+00
1.3640696494e-01 5.7685733368e+00
1.3663426906e-01 5.7433143987e+00
1.3686161865e-01 5.7549945014e+00
1.3708901371e-01 5.7855824189e+00
1.3731645426e-01 5.8701696676e+00
1.3754394030e-01 5.8339835836e+00
1.3777147184e-01 5.8453884779e+00
1.3799904889e-01 5.9860598904e+00
1.3822667146e-01 6.0618117386e+00
1.3845433956e-01 6.1414763876e+00
1.3868205320e-01 6.1109916742e+00
1.3890981239e-01 6.2116294918e+00
1.3913761713e-01 6.2444903912e+00
1.3936546744e-01 6.2463547864e+00
1.3959336332e-01 6.2082232862e+00
1.3982130478e-01 6.1336633039e+00
1.4004929184e-01 6.1123903858e+00
1.4027732450e-01 6.2540928000e+00
1.4050540278e-01 6.0468117394e+00
1.4073352667e-01 6.2059315547e+00
1.4096169619e-01 6.0579568623e+00
1.4118991135e-01 6.0860840749e+00
1.4141817216e-01 6.1182693164e+00
1.4164647862e-01 6.1987229824e+00
1.4187483075e-01 6.2651727297e+00
1.4210322856e-01 6.1473290381e+00
1.4233167205e-01 6.2520281340e+00
1.4256016123e-01 6.3201616447e+00
1.4278869611e-01 6.2662449884e+00
1.4301727671e-01 6.5110676016e+00
1.4324590303e-01 6.4761607882e+00
1.4347457507e-01 6.5393933930e+00
1.4370329286e-01 6.6797843348e+00
1.4393205639e-01 6.6503547908e+00
1.4416086569e-01 6.6745361107e+00
1.4438972074e-01 6.6220367491e+00
1.4461862158e-01 6.8059995027e+00
1.4484756820e-01 6.7518342781e+00
1.4507656061e-01 6.6635338169e+00
1.4530559882e-01 6.8018589421e+00
1.4553468285e-01 6.6749997852e+00
1.4576381270e-01 6.6704940051e+00
1.4599298838e-01 6.7587519372e+00
1.4622220990e-01 6.7074386650e+00
1.4645147727e-01 6.6547095790e+00
1.4668079049e-01 6.6472660738e+00
1.4691014958e-01 6.8147823071e+00
1.4713955455e-01 6.7344711790e+00
1.4736900541e-01 6.8792921985e+00
1.4759850216e-01 6.8605916380e+00
1.4782804481e-01 6.7932539479e+00
1.4805763338e-01 7.0029795807e+00
1.4828726787e-01 6.8306657825e+00
1.4851694829e-01 6.9649769062e+00
1.4874667465e-01 7.0155536208e+00
1.4897644696e-01 7.1289375653e+00
1.4920626523e-01 7.0001904785e+00
1.4943612947e-01 7.0970039102e+00
1.4966603969e-01 7.2197406690e+00
1.4989599589e-01 7.0843453939e+00
1.5012599809e-01 7.2009779988e+00
1.5035604629e-01 7.2673855420e+00
1.5058614051e-01 7.2801625857e+00
1.5081628075e-01 7.2437999329e+00
1.5104646703e-01 7.3272025927e+00
1.5127669934e-01 7.3269012759e+00
1.5150697771e-01 7.3138488948e+00
1.5173730214e-01 7.3059405474e+00
1.5196767263e-01 7.3807129736e+00
1.5219808921e-01 7.3231385762e+00
1.5242855187e-01 7.2689144081e+00
1.5265906063e-01 7.3225630586e+00
1.5288961550e-01 7.3477103431e+00
1.5312021648e-01 7.2918366339e+00
1.5335086359e-01 7.3821804614e+00
1.5358155683e-01 7.3692744963e+00
1.5381229622e-01 7.5222541341e+00
1.5404308175e-01 7.4762454605e+00
1.5427391345e-01 7.4061154317e+00
1.5450479132e-01 7.6188148168e+00
1.5473571537e-01 7.5313268215e+00
1.5496668561e-01 7.6377001385e+00
1.5519770205e-01 7.6348873012e+00
1.5542876469e-01 7.7438084907e+00
1.5565987356e-01 7.7669432368e+00
1.5589102865e-01 7.8940615748e+00
1.5612222997e-01 7.8600092603e+00
1.5635347754e-01 7.7517044105e+00
1.5658477137e-01 7.8837614028e+00
1.5681611145e-01 7.9332568627e+00
1.5704749781e-01 7.8423637598e+00
1.5727893046e-01 7.7911766572e+00
1.5751040939e-01 7.8112452193e+00
1.5774193462e-01 7.8202060504e+00
1.5797350617e-01 7.8697095165e+00
1.5820512403e-01 7.7505728504e+00
1.5843678822e-01 7.8244207798e+00
1.5866849875e-01 7.8684359833e+00
1.5890025562e-01 7.8555128781e+00
1.5913205885e-01 7.7242890479e+00
1.5936390845e-01 7.8156011492e+00
1.5959580442e-01 7.7429243223e+00
1.5982774677e-01 7.6974173680e+00
1.6005973552e-01 7.8484634394e+00
1.6029177067e-01 7.9602148078e+00
1.6052385223e-01 7.9946483965e+00
1.6075598021e-01 8.0271268708e+00
1.6098815463e-01 8.1168747781e+00
1.6122037548e-01 8.1355508245e+00
1.6145264278e-01 8.2375801071e+00
1.6168495654e-01 8.2955038701e+00
1.6191731677e-01 8.2872582578e+00
1.6214972347e-01 8.2883286817e+00
1.6238217666e-01 8.1684891869e+00
1.6261467634e-01 8.1500646992e+00
1.6284722253e-01 8.2223826646e+00
1.6307981523e-01 8.2964219016e+00
1.6331245446e-01 8.2276634750e+00
1.6354514022e-01 8.2337887229e+00
1.6377787252e-01 8.2885461477e+00
1.6401065137e-01 8.1826795556e+00
1.6424347678e-01 8.2225651244e+00
1.6447634877e-01 8.2586871840e+00
1.6470926733e-01 8.3676909285e+00
1.6494223248e-01 8.1600702053e+00
1.6517524422e-01 8.4116293891e+00
1.6540830258e-01 8.3129425033e+00
1.6564140755e-01 8.4580130276e+00
1.6587455914e-01 8.4921849934e+00
1.6610775737e-01 8.3297518901e+00
1.6634100225e-01 8.4140125039e+00
1.6657429378e-01 8.6612143739e+00
1.6680763197e-01 8.7117563857e+00
1.6704101683e-01 8.5927122102e+00
1.6727444838e-01 8.5872236172e+00
1.6750792662e-01 8.6057004324e+00
1.6774145155e-01 8.7641942566e+00
1.6797502320e-01 8.7118883651e+00
1.6820864157e-01 8.7738754147e+00
1.6844230666e-01 8.5995806339e+00
1.6867601849e-01 8.7552415248e+00
1.6890977707e-01 8.6835190524e+00
1.6914358240e-01 8.7013653283e+00
1.6937743451e-01 8.7463650246e+00
1.6961133338e-01 8.8437136383e+00
1.6984527904e-01 8.7559463604e+00
1.7007927150e-01 8.6599296034e+00
1.7031331075e-01 8.8988951085e+00
1.7054739682e-01 8.8075561550e+00
1.7078152972e-01 8.8982176524e+00
1.7101570944e-01 8.8714720703e+00
1.7124993600e-01 8.9666469450e+00
1.7148420942e-01 8.8927325315e+00
1.7171852969e-01 8.9417064357e+00
1.7195289683e-01 9.1048508728e+00
1.7218731085e-01 8.9567967837e+00
1.7242177176e-01 9.0217980768e+00
1.7265627956e-01 9.0745716463e+00
1.7289083427e-01 9.0740571140e+00
1.7312543590e-01 9.0563725286e+00
1.7336008445e-01 9.0458474946e+00
1.7359477994e-01 9.0286670231e+00
1.7382952237e-01 9.0367707828e+00
1.7406431175e-01 8.9422245627e+00
1.7429914809e-01 8.8198737002e+00
1.7453403141e-01 9.0235454491e+00
1.7476896171e-01 9.0758775956e+00
1.7500393900e-01 9.0398234580e+00
1.7523896329e-01 8.9608384345e+00
1.7547403459e-01 8.9353661345e+00
1.7570915291e-01 9.1977015347e+00
1.7594431825e-01 9.1375966713e+00
1.7617953064e-01 9.2493920039e+00
1.7641479007e-01 9.2028636731e+00
1.7665009656e-01 9.2216106609e+00
1.7688545011e-01 9.3004903708e+00
1.7712085074e-01 9.1282235782e+00
1.7735629845e-01 9.2325156466e+00
1.7759179326e-01 9.4555254260e+00
1.7782733517e-01 9.1906323016e+00
1.7806292420e-01 9.4158997423e+00
1.7829856035e-01 9.3398015563e+00
1.7853424363e-01 9.3374533527e+00
1.7876997405e-01 9.3604661261e+00
1.7900575162e-01 9.3076530484e+00
1.7924157635e-01 9.1358655230e+00
1.7947744825e-01 8.8830649034e+00
1.7971336733e-01 8.3241476770e+00
1.7994933360e-01 6.1012808125e+00
1.8018534707e-01 3.9982537517e+00
1.8042140774e-01 3.1311540573e+00
1.8065751564e-01 2.1696881025e+00
1.8089367075e-01 8.5610943220e-01
1.8112987311e-01 3.0698966749e-01
1.8136612271e-01 7.5692252488e-01
1.8160241956e-01 5.6555707106e-01
1.8183876368e-01 4.3639628495e-01
1.8207515507e-01 4.6137395998e-01
1.8231159374e-01 6.3757577195e-01
1.8254807971e-01 4.8180758873e-01
1.8278461298e-01 6.3134018067e-01
1.8302119356e-01 9.7200475866e-01
1.8325782146e-01 6.4094013072e-01
1.8349449669e-01 5.8471017934e-01
1.8373121926e-01 1.0100218266e+00
1.8396798918e-01 7.2993805970e-01
1.8420480646e-01 7.0380823527e-01
1.8444167111e-01 9.4416974325e-01
1.8467858313e-01 8.5085038170e-01
1.8491554254e-01 6.8099426262e-01
1.8515254935e-01 8.5593708568e-01
1.8538960356e-01 9.1767418332e-01
1.8562670519e-01 6.1747973557e-01
1.8586385425e-01 8.6050635014e-01
1.8610105074e-01 9.0770397588e-01
1.8633829467e-01 6.3509605745e-01
1.8657558606e-01 8.0672751105e-01
1.8681292491e-01 9.7111267667e-01
1.8705031123e-01 9.0215631426e-01
1.8728774504e-01 8.1073224573e-01
1.8752522633e-01 1.1993163814e+00
1.8776275513e-01 9.7279597712e-01
1.8800033144e-01 1.1373374680e+00
1.8823795527e-01 1.3039156959e+00
1.8847562663e-01 9.7578653640e-01
1.8871334552e-01 1.2512934566e+00
1.8895111197e-01 1.1052290638e+00
1.8918892597e-01 1.0660456320e+00
1.8942678754e-01 1.1019440270e+00
1.8966469669e-01 1.1500075010e+00
1.8990265342e-01 9.6253928479e-01
1.9014065775e-01 1.0695282216e+00
1.9037870969e-01 1.1366328746e+00
1.9061680924e-01 1.0355264924e+00
1.9085495642e-01 1.0381280611e+00
1.9109315123e-01 1.1391106590e+00
1.9133139368e-01 1.1500496210e+00
1.9156968379e-01 1.3117558396e+00
1.9180802156e-01 1.3048356737e+00
1.9204640700e-01 1.3860751302e+00
1.9228484012e-01 1.3896187642e+00
1.9252332094e-01 1.4287484988e+00
1.9276184945e-01 1.5553238648e+00
1.9300042568e-01 1.3244836232e+00
1.9323904963e-01 1.5546257841e+00
1.9347772130e-01 1.5016809754e+00
1.9371644072e-01 1.4364618508e+00
1.9395520788e-01 1.5520767730e+00
1.9419402280e-01 1.5151711346e+00
1.9443288549e-01 1.3798879784e+00
1.9467179596e-01 1.5642964306e+00
1.9491075422e-01 1.5910387079e+00
1.9514976027e-01 1.5828288828e+00
1.9538881412e-01 1.5947920587e+00
1.9562791580e-01 1.8203910726e+00
1.9586706529e-01 1.5982542150e+00
1.9610626263e-01 1.7384367227e+00
1.9634550780e-01 1.7786715815e+00
1.9658480083e-01 1.6208530390e+00
1.9682414172e-01 1.8506231481e+00
1.9706353049e-01 1.7702660524e+00
1.9730296714e-01 1.8118790560e+00
1.9754245168e-01 1.8888209561e+00
1.9778198412e-01 1.8180953519e+00
1.9802156448e-01 1.8749940887e+00
1.9826119275e-01 1.7102031067e+00
1.9850086896e-01 1.9046562461e+00
1.9874059310e-01 1.7934488224e+00
1.9898036520e-01 1.7107056260e+00
1.9922018525e-01 1.9556275782e+00
1.9946005328e-01 1.8326675209e+00
1.9969996928e-01 2.0482102612e+00
1.9993993327e-01 1.8970314051e+00
2.0017994525e-01 2.1366378448e+00
2.0042000525e-01 2.0581558320e+00
2.0066011326e-01 2.0504201841e+00
2.0090026930e-01 2.3538956097e+00
2.0114047337e-01 2.0934441128e+00
2.0138072549e-01 2.2290024160e+00
2.0162102566e-01 2.2283908623e+00
2.0186137390e-01 2.2895017755e+00
2.0210177022e-01 2.3319630722e+00
2.0234221461e-01 2.2463301755e+00
2.0258270711e-01 2.2831270687e+00
2.0282324770e-01 2.1106819921e+00
2.0306383641e-01 2.4491344078e+00
2.0330447324e-01 2.0868987224e+00
2.0354515820e-01 2.2743335130e+00
2.0378589130e-01 2.4027998662e+00
2.0402667256e-01 2.2757233857e+00
2.0426750198e-01 2.5190479410e+00
2.0450837956e-01 2.4754028500e+00
2.0474930533e-01 2.5081780782e+00
2.0499027929e-01 2.5354667136e+00
2.0523130145e-01 2.5303135015e+00
2.0547237181e-01 2.6000851634e+00
2.0571349040e-01 2.5386800881e+00
2.0595465721e-01 2.6627273742e+00
2.0619587226e-01 2.5442464705e+00
2.0643713556e-01 2.4703061468e+00
2.0667844712e-01 2.6011950995e+00
2.0691980695e-01 2.3152895636e+00
2.0716121505e-01 2.5777212029e+00
2.0740267144e-01 2.4981482250e+00
2.0764417612e-01 2.5068382001e+00
2.0788572911e-01 2.5610855486e+00
2.0812733041e-01 2.5450990011e+00
2.0836898005e-01 2.7926233345e+00
2.0861067801e-01 2.6062911804e+00
2.0885242432e-01 2.9147592303e+00
2.0909421898e-01 2.6987130957e+00
2.0933606201e-01 2.8257750896e+00
2.0957795341e-01 2.9005352674e+00
2.0981989319e-01 2.8945858481e+00
2.1006188137e-01 3.0021543269e+00
2.1030391795e-01 2.9432756812e+00
2.1054600294e-01 2.9159611752e+00
2.1078813636e-01 2.9810689510e+00
2.1103031820e-01 3.0006510609e+00
2.1127254849e-01 3.0409769274e+00
2.1151482722e-01 2.8701807124e+00
2.1175715442e-01 3.0538544224e+00
2.1199953009e-01 3.0840522708e+00
2.1224195424e-01 2.9725358716e+00
2.1248442687e-01 3.0660644250e+00
2.1272694801e-01 2.9816974582e+00
2.1296951765e-01 3.0436665470e+00
2.1321213582e-01 3.1065539666e+00
2.1345480251e-01 3.0913407209e+00
2.1369751774e-01 3.2452130838e+00
2.1394028152e-01 3.2239369220e+00
2.1418309386e-01 3.4048735695e+00
2.1442595476e-01 3.4093133609e+00
2.1466886424e-01 3.3064882499e+00
2.1491182231e-01 3.2999148464e+00
2.1515482898e-01 3.3660364779e+00
2.1539788425e-01 3.4127395369e+00
2.1564098813e-01 3.3557626927e+00
2.1588414065e-01 3.6169306402e+00
2.1612734179e-01 3.3617171629e+00
2.1637059159e-01 3.4440244145e+00
2.1661389003e-01 3.5640864808e+00
2.1685723714e-01 3.4560304193e+00
2.1710063293e-01 3.4570162039e+00
2.1734407740e-01 3.3714523455e+00
2.1758757057e-01 3.3968848100e+00
2.1783111243e-01 3.3975679346e+00
2.1807470301e-01 3.4622737241e+00
2.1831834232e-01 3.5218654458e+00
2.1856203035e-01 3.5720569079e+00
2.1880576713e-01 3.6167704048e+00
2.1904955266e-01 3.5712852732e+00
2.1929338696e-01 3.7104017220e+00
2.1953727002e-01 3.6856863886e+00
2.1978120187e-01 3.6602017474e+00
2.2002518251e-01 3.8982762184e+00
2.2026921194e-01 3.9671310384e+00
2.2051329019e-01 3.8925926626e+00
