step time_ps strain stress_z_GPa stress_x_GPa stress_y_GPa temp_K lx_A ly_A lz_A
1000 1 0 -1.71479485597434 0.976896363418282 -0.0154737821320261 1013.93146108303 15.77622495696 16.2590814589464 68.716970221785
2000 2 0.00499999999999985 -1.45174129543302 -0.171966033541813 -0.487477737516132 957.335197287489 15.4726387407918 16.4499029709945 69.0605550728939
3000 3 0.0100000000000001 -0.767025042229596 -0.314899355070955 0.149920056671099 983.672365639194 15.257312574247 16.6520604519328 69.4041399240029
4000 4 0.015 -0.358416534090854 -0.156853523321754 -0.0767289426015817 1043.72838013867 15.1886323035295 16.6024430534237 69.7477247751118
5000 5 0.0199999999999998 0.16049450691479 -0.621041349794307 0.166679364668818 982.356000595427 15.0805719984788 16.663392367289 70.0913096262207
6000 6 0.0250000000000001 0.169453145624317 -0.527743390943841 -0.120897775802169 1021.10686415506 15.0218473044985 16.6578764612183 70.4348944773296
7000 7 0.0299999999999999 0.81322627021051 -0.257059697586689 -0.219243371103399 1014.96712176572 15.0082167036637 16.5977674670341 70.7784793284386
8000 8 0.0350000000000002 0.691709412044373 0.0456272901760038 -0.0236844843680031 1010.7868852166 14.9100765690839 16.6302832259992 71.1220641795475
9000 9 0.04 0.903214757396467 -0.128376879092478 -0.634383226590744 955.942536485899 14.9760671574182 16.4604158095882 71.4656490306564
10000 10 0.0449999999999999 0.887918735003116 0.839416217877427 -0.389674555156178 965.347476060975 14.9769674255048 16.4317643331334 71.8092338817653
11000 11 0.0500000000000002 1.04374538688497 0.275885027867986 0.0475830549089724 974.471045480039 14.8557430986063 16.4537512400957 72.1528187328743
12000 12 0.055 1.54030283914333 0.790208079350056 0.182664064208053 992.104770307922 14.8311934846018 16.4482612444924 72.4964035839832
13000 13 0.0599999999999999 1.88512843640161 0.366049096704252 0.387454186201993 1004.70828596811 14.7570401917242 16.4446101331818 72.8399884350921
14000 14 0.0650000000000001 1.56916164953214 0.474110002367101 -0.133974986097292 1048.74960219979 14.7398988800651 16.4172369005266 73.183573286201
15000 15 0.07 1.19858109870522 0.0899738713070978 -0.153069947036481 1034.13890154865 14.6268846125619 16.3961338986284 73.52715813731
16000 16 0.0749999999999998 2.10448950624388 0.979181115496098 0.661636117369007 979.696650913788 14.6749456948225 16.3939010377256 73.8707429884189
17000 17 0.0800000000000001 1.68485500375537 -0.227475321057608 -0.397806474829921 996.788375228949 14.5999920353635 16.2931784807097 74.2143278395278
18000 18 0.085 2.56462430241513 0.885963976494203 1.10190442352114 1021.70559955472 14.5970263058887 16.3242655048558 74.5579126906367
19000 19 0.0899999999999998 1.32160221641687 -0.435620418038307 -0.303615707143232 975.243845733835 14.4677317701278 16.2964038640993 74.9014975417456
20000 20 0.0950000000000001 2.75273460695198 0.951206337545903 0.75429549298044 996.198329816716 14.4524205213608 16.3002283941033 75.2450823928546
21000 21 0.0999999999999999 2.31310098461687 -0.511375281291825 -0.408485821902756 1005.02519951498 14.4045343564762 16.2422187796264 75.5886672439635
22000 22 0.105 2.52887287880695 0.141560969897989 0.262991808177426 1039.67513250631 14.3773275550922 16.2393666935793 75.9322520950724
23000 23 0.11 2.38341573913136 -0.0611837522624658 -0.137037815436191 1017.39981566429 14.4443495060424 16.0853856580821 76.2758369461814
24000 24 0.115 2.09301644558022 -0.131178707183966 -0.381507175979634 986.780550386112 14.4335817945434 15.9728860280564 76.6194217972903
25000 25 0.12 2.77048498110306 0.0302368574883066 0.0661549685463889 1023.42010171909 14.3790659289401 16.0273559274532 76.9630066483992
26000 26 0.125 3.22681816025413 0.173532874427682 0.130464763476195 939.439783128045 14.3330320391394 15.999100250653 77.3065914995081
27000 27 0.13 2.52224749950336 -0.145723265376216 -0.615113856991925 1010.54022656989 14.3535294686642 15.8570299414083 77.650176350617
28000 28 0.135 1.86029795579145 -0.36303817825469 -0.774738037097345 975.939461248497 14.3013477110607 15.8297115262028 77.993761201726
29000 29 0.14 2.79943690260001 0.0257450717170756 0.0530047957697828 1007.95980156449 14.2520314810975 15.9006369155946 78.3373460528349
30000 30 0.145 2.5754739332154 -0.379618494448906 -0.16744038898256 1006.40652816193 14.1593297090869 15.9088204350916 78.6809309039438
31000 31 0.15 3.34688649483626 0.0299324093754949 0.312984781743749 1055.72159990933 14.1534686632121 15.9067271100307 79.0245157550528
32000 32 0.155 2.67959632785224 -0.214507960940776 -0.719086939428074 1006.42895422491 14.2316525601228 15.6929764718745 79.3681006061617
33000 33 0.16 3.35834995971014 -0.331899549170942 0.223663641084955 957.275849566263 14.1230606620687 15.7949486179308 79.7116854572706
34000 34 0.165 2.40079371051187 -0.739247941918097 -0.387048262715703 995.259975084634 14.0520468356167 15.7295190506143 80.0552703083795
35000 35 0.17 3.83471001533636 0.388034509010999 0.499895462547861 1001.91085346006 14.0711705230212 15.7494563977805 80.3988551594884
36000 36 0.175 3.10855255950199 -0.146946319422382 0.338564252536765 992.169501021014 13.9658523852705 15.7220368298956 80.7424400105974
37000 37 0.18 3.50069751482213 1.02486477382225 0.620305115281181 1003.54645770473 13.9492301394591 15.7684526644988 81.0860248617063
38000 38 0.185 2.26922925993267 -0.733607643597859 -0.449615276849123 1026.79749179624 13.93356318898 15.5838695633533 81.4296097128152
39000 39 0.19 2.86535041015835 -0.44448225557277 0.302093712307595 966.873761517892 13.8324203453239 15.7102835374815 81.7731945639242
40000 40 0.195 2.98497853223473 0.301088655589504 0.327914879946977 1015.65333264386 13.8975602121049 15.6318513552965 82.1167794150331
41000 41 0.2 2.58793748374726 -0.259286218747716 -0.382925046431901 974.787291795222 13.8412947020524 15.5842503727753 82.460364266142
42000 42 0.205 2.74679261589602 -0.0219599413021897 -0.393268951616566 1044.49238820108 13.7578835099169 15.5916632557401 82.8039491172509
43000 43 0.21 2.90716528601459 -0.0586579879181157 0.302536511898504 972.131220641799 13.7344990665595 15.5879436200824 83.1475339683599
44000 44 0.215 2.30159178612344 -0.444963586174701 -0.781451676228345 984.126300463553 13.6745413502609 15.5140428955948 83.4911188194688
45000 45 0.22 2.7083083779324 0.142493790659185 -0.116168865966737 1023.01263493665 13.6541982447318 15.5145190690831 83.8347036705777
46000 46 0.225 2.27328981749013 -0.792080110652712 -0.84993342796916 1035.23603357857 13.5604639285137 15.4912410333162 84.1782885216866
47000 47 0.23 2.34893316382512 0.223293889867667 0.245921260574541 1011.01740051924 13.5262440362384 15.5657242813053 84.5218733727956
48000 48 0.235 1.68522444097455 -0.438351760500719 -0.512102751094525 977.646294588359 13.3835185190374 15.587270712591 84.8654582239045
49000 49 0.24 0.950198069425395 -0.421242895564871 0.481456965318654 1060.44837276157 13.1211788437319 15.8054492173838 85.2090430750134
50000 50 0.245 0.308236344459211 -0.785232862855562 -0.962075049198631 1011.81699841396 13.1209819351885 15.7154205364418 85.5526279261223
51000 51 0.25 1.32296038074958 0.201262766006586 -0.766489863853567 974.450890113208 13.1175764204523 15.676209361084 85.8962127772313
52000 52 0.255 1.571582318279 0.737788112901592 0.625105165565659 1019.29724678093 13.0406936024879 15.761335146843 86.2397976283402
53000 53 0.26 0.264886899234367 -1.20145728337425 -0.963361951294331 1020.46501939799 12.8417155796368 15.8219447280342 86.5833824794491
54000 54 0.265 1.52199687996969 -0.121116876049218 0.120148736717302 1024.86452998365 12.8370270664774 15.8675854654927 86.926967330558
55000 55 0.27 0.893775426032041 -0.344943745996569 -0.0118293386966757 981.440960629611 12.7689237990758 15.8596479352326 87.270552181667
56000 56 0.275 1.91110117687567 0.27062381810689 0.313797267634837 1012.51838778319 12.7302821086181 15.8684458381214 87.6141370327759
57000 57 0.28 0.909295219901469 -0.338007863120383 -0.0411723393631211 1009.6876776254 12.6443764509669 15.8912745634314 87.9577218838848
58000 58 0.285 1.66052611418082 0.63478285833047 0.129870392831021 1020.74666190938 12.6792335717259 15.8224753353912 88.3013067349937
59000 59 0.29 1.31355823802384 0.344569023115963 0.224461106632548 983.200577408777 12.5621826595044 15.8776156496822 88.6448915861027
60000 60 0.295 0.194869372271931 -0.444297053359155 -0.992219337331975 1029.42250097098 12.4966142634773 15.8041459190431 88.9884764372116
61000 61 0.3 1.58700070678532 0.64872600690949 0.371810252117033 1000.22080134095 12.4696330117702 15.8906225799688 89.3320612883205
62000 62 0.305 0.865494498927133 -0.170358089083064 -0.498442241674055 956.264423603616 12.4549879288915 15.8165927186466 89.6756461394294
63000 63 0.31 1.66780600392885 0.12788508871146 0.20908019596823 1003.34152797404 12.4523921295434 15.8448547041852 90.0192309905383
64000 64 0.315 1.1684738377476 -1.05340924524816 -0.52846978152326 1006.00756079632 12.3284638308774 15.8087905897619 90.3628158416473
65000 65 0.32 2.24043846227566 0.81158685081662 0.367047542530622 984.404959476073 12.3972267199868 15.7802303783475 90.7064006927562
66000 66 0.325 1.83653491677176 -0.478029967301456 -0.443028164237686 997.19138284744 12.3440164387892 15.7387774575088 91.0499855438651
67000 67 0.33 2.22550122142048 -0.045301931081657 -0.0377806415960832 980.633445659251 12.3552184918942 15.6618644931281 91.3935703949741
68000 68 0.335 2.39192959234872 -0.5851628911993 0.0141079526743518 989.462357894957 12.3137485936775 15.6559225483738 91.737155246083
69000 69 0.34 3.22887482083031 0.48979386595429 0.961830732101367 1049.96456097927 12.2989083575301 15.7085921157925 92.0807400971919
70000 70 0.345 2.94777919758129 0.103172197804659 0.231884734346136 979.966643825873 12.2734538333447 15.6426540348531 92.4243249483008
71000 71 0.35 3.3662342495451 -0.00757380387113508 0.379488970764255 1024.9583537163 12.2954093594251 15.5927991745195 92.7679097994098
72000 72 0.355 2.85817572386619 -0.455936144777803 -0.118188302056257 1001.07376002463 12.19927966309 15.5990874589409 93.1114946505187
73000 73 0.36 2.42663393904962 -0.656574534997933 -0.737222130299083 997.173672619555 12.2271934461306 15.46538450158 93.4550795016276
74000 74 0.365 3.04122998390701 -0.0955342751026515 0.294058405684765 991.698497419274 12.1960076734457 15.5085164155802 93.7986643527365
75000 75 0.37 2.73249326932279 -0.328080062961892 -0.342544217627664 968.340645761977 12.1864531916018 15.435066594568 94.1422492038455
76000 76 0.375 3.00216335957052 0.299676272788502 -0.0721168721906243 1016.45953394827 12.200023579012 15.4080263256216 94.4858340549544
77000 77 0.38 2.57646366368661 0.0297659745454124 -0.456718839544987 1015.09011224297 12.2090526655103 15.3236046557753 94.8294189060633
78000 78 0.385 2.58015675264496 -0.189486753875803 0.18227871797405 1024.85307518261 12.0964824428643 15.4389763412979 95.1730037571722
79000 79 0.39 2.80131943642367 -0.628308882604504 -0.48474458272733 1041.83052945709 12.0890937562186 15.3607678743081 95.5165886082812
80000 80 0.395 3.46343849977617 0.661516316052129 1.22096908098347 1010.23805022676 12.0440692714711 15.4694830061783 95.8601734593901
81000 81 0.4 2.44668733765067 -0.357910716810545 -0.640545422298375 984.059041071643 12.0441038446972 15.297854836698 96.203758310499
82000 82 0.405 3.38474702596805 0.389462708830116 0.0328897702887022 1013.10002117837 12.0525444842351 15.338674356399 96.5473431616079
83000 83 0.41 3.09208682292468 0.458066413565224 0.0152911563751108 975.969556141453 12.0402430884228 15.2636570441498 96.8909280127169
84000 84 0.415 2.69173157938298 -0.293360869154986 -0.134554986542532 1045.85155227527 11.9595228885088 15.2779371357624 97.2345128638258
85000 85 0.42 3.04956434985475 0.592632148058726 0.228313285781832 995.766722115353 12.1204038693575 15.0590724882512 97.5780977149347
86000 86 0.425 2.13940770138838 -0.245112984541785 -0.372286652296784 1005.06185436683 12.0406856382765 15.0321472805575 97.9216825660436
87000 87 0.43 2.1865073614212 -0.464121937377902 0.0371735070087151 1010.68694634072 12.0621077114838 14.9976600939485 98.2652674171526
88000 88 0.435 2.24981710831044 -0.114741354666364 -0.081407147390306 1041.90038909214 12.07627493431 14.926693788825 98.6088522682615
89000 89 0.44 2.94713327649197 0.767636251792724 0.0685760606590642 973.464028891695 12.1571425672024 14.8205045176068 98.9524371193704
90000 90 0.445 2.05785874107702 -0.838448007022339 -1.37710275593087 1066.24762234503 12.0432596301261 14.7712636974382 99.2960219704793
91000 91 0.45 3.76685522795784 0.760149114300901 1.12612419069037 972.531984182437 12.1325194737108 14.7759089721793 99.6396068215882
92000 92 0.455 2.61243375348492 -0.546879779096268 0.288932320716196 1008.2856285734 12.1036852742283 14.6891829184887 99.9831916726972
93000 93 0.46 3.68195814541812 0.836859475793493 1.11106735157457 1034.46093697138 12.155750059375 14.6598987621821 100.326776523806
94000 94 0.465 2.40303317297708 -0.599894240513355 -0.58866846307169 973.120848547768 12.0873977939168 14.5720051330186 100.670361374915
95000 95 0.47 3.32034673868472 0.456951683386208 -0.0598384066684352 999.074930799888 12.1385357754352 14.5391874247465 101.013946226024
96000 96 0.475 2.99083214186244 0.184268822938672 0.447163046730957 986.725473915395 12.18509562339 14.4622772479872 101.357531077133
97000 97 0.48 2.55249534087945 -0.877750425815626 -0.606594164698105 997.770675270588 12.1427659895355 14.3751326312353 101.701115928242
98000 98 0.485 3.26950073918441 0.33509279492831 0.0536004468336845 996.074251120939 12.1795451849794 14.3784233789879 102.044700779351
99000 99 0.49 2.78330983276966 0.0616078630333085 -0.181966125624465 957.631757272955 12.1435287827281 14.315742198599 102.38828563046
100000 100 0.495 2.19631613479769 -0.4349462108648 -0.13104697399213 1041.84662033333 12.0762520307585 14.323157008693 102.731870481569
101000 101 0.5 4.09323461916201 0.643448644171874 0.747257221350914 1022.1591295452 12.1160412008888 14.3243300239853 103.075455332678
