step time_ps strain stress_z_GPa stress_x_GPa stress_y_GPa temp_K lx_A ly_A lz_A
1000 1 4.01054885738098e-16 0.109310936212576 -0.544134595262953 1.27070558066783 962.854178064641 19.5850924434691 8.91426752866902 35.433690550979
2000 2 0.0050000000000005 1.3610489970483 -0.471032009964163 -0.920477057414253 1089.82718035856 19.6207854554461 8.84444296468658 35.6108590037339
3000 3 0.0100000000000006 2.32743842428274 0.277335882323424 0.389068343031532 984.269047776046 19.5620837848059 8.86817149949112 35.7880274564888
4000 4 0.0150000000000003 2.98045389825473 0.248342740075232 0.403952333644903 1003.06006043206 19.4189748442034 8.91190835972725 35.9651959092437
5000 5 0.0200000000000004 3.21542313440157 -0.730855059086406 -0.198808624910444 1012.06753037986 19.260583197014 8.91846382523541 36.1423643619986
6000 6 0.0250000000000005 3.96469266183233 -0.0240497446698153 -0.5847186239985 1077.95504864639 19.2975132766144 8.8786235352432 36.3195328147535
7000 7 0.0300000000000006 3.89685114691389 -0.683770199346957 0.348714758427568 1044.81861546803 19.0830325922896 8.96004977760261 36.4967012675084
8000 8 0.0350000000000003 6.19215336057451 0.287769500917535 0.0538641116977377 976.829936125177 19.1338576726025 8.90263994928466 36.6738697202633
9000 9 0.0400000000000004 6.21159705173394 0.993661651089727 0.755892692942332 1002.19627164558 19.010705147562 8.95923783412676 36.8510381730182
10000 10 0.0450000000000005 3.19002092275399 -0.840845253971694 0.156343401140119 954.918015080247 18.7416641562535 9.0000391501203 37.0282066257731
11000 11 0.0500000000000006 4.7948507169688 -0.0464481549059985 -0.994917194360225 955.917649019373 18.8028336916449 8.92615991665775 37.205375078528
12000 12 0.0550000000000003 3.5882645312265 -0.697637742167473 0.895760401476358 1042.11501038297 18.5093570255831 9.04684079843483 37.3825435312829
13000 13 0.0600000000000004 3.31081013234002 -0.675554450630451 -0.497040957349867 911.120340645787 18.4815184739164 8.98918543848007 37.5597119840378
14000 14 0.0650000000000005 3.91697580471234 0.383123550870059 0.683226357353551 1025.14093325865 18.3810843166726 9.03921031905175 37.7368804367927
15000 15 0.0700000000000006 1.34309668691298 -0.313921657754019 -0.586021652160982 966.672600958137 18.1069013279425 9.04700568880788 37.9140488895476
16000 16 0.0750000000000003 0.855890643449621 -0.511313894430711 -0.775943296436684 974.443999288291 17.9639975143194 9.056638120615 38.0912173423024
17000 17 0.0800000000000003 2.35733848491738 0.475318326028707 -0.00738717544018468 988.224686090487 17.9772480147664 9.07426461966616 38.2683857950573
18000 18 0.0850000000000005 2.20121110172573 -0.0148358146989395 -0.0174670318276915 1015.84840907694 17.8590378748243 9.07183223197322 38.4455542478122
19000 19 0.0900000000000006 2.99316681798167 -0.0396230791553166 -0.298031971672967 1004.04649020351 17.8223584530567 9.05346624297574 38.6227227005671
20000 20 0.0950000000000004 -0.833075227601716 -1.79941545112096 -0.800305161060648 985.416640362725 17.5401186533176 9.05595017891445 38.799891153322
21000 21 0.1 0.340643917921617 -0.390819245229506 -0.186202532882364 983.216205751897 17.5122649981418 9.07194266567044 38.9770596060769
22000 22 0.105 1.68103315530464 0.967914792697677 1.2078933763903 1005.2089523388 17.5290512090302 9.08531174527718 39.1542280588318
23000 23 0.110000000000001 0.119520140940196 0.768646838644179 -1.65096657828833 990.462406351298 17.5760130161936 8.94690751535031 39.3313965115867
24000 24 0.115 0.702543838080094 -0.490153407430499 0.330451194018119 1025.55725607694 17.3480733810336 9.0484630463263 39.5085649643416
25000 25 0.12 0.584575225859895 -0.0783972648741867 -0.812930320444586 1111.01112266548 17.3467515895283 9.00457364677774 39.6857334170965
26000 26 0.125 0.116996334599188 -0.459256755670719 -0.791692987419275 1051.43098099951 17.2649022059327 8.98031348310983 39.8629018698514
27000 27 0.130000000000001 -0.807282824445389 -0.947214202624444 -0.16542454480139 1007.34270400164 17.1531772922487 8.99011783864661 40.0400703226063
28000 28 0.135000000000001 -0.912386949055958 -0.550376367020676 0.363842953877057 1078.01559020654 17.1036978473017 8.97551081780039 40.2172387753612
29000 29 0.14 -0.233477461417125 1.32546433960035 -0.226598457783792 982.031234686707 17.1822617561376 8.92192864244837 40.3944072281161
30000 30 0.145 -0.055432662199697 0.527187122005231 -0.774628936930094 1017.94352231622 17.1501110341967 8.90259599230102 40.571575680871
31000 31 0.150000000000001 -1.96826182113876 -1.91329898300394 -0.587048349257708 1036.83978596976 16.9452766655898 8.88904877943804 40.7487441336259
32000 32 0.155000000000001 -0.199939339105208 0.779439107526349 1.51423091609474 974.975540077672 16.9061121304978 8.96848162749836 40.9259125863808
33000 33 0.16 -0.930989334058489 0.680642847016471 -1.12494032501443 995.387816927479 16.9700704735706 8.86810207324402 41.1030810391357
34000 34 0.165 -0.985844869758353 -0.554667216780207 -0.0298254971202688 1022.89610043823 16.8544349777575 8.87969344429074 41.2802494918906
35000 35 0.170000000000001 -0.473903022112949 -1.42349413217608 0.389492010903958 996.827530016543 16.735678373802 8.8933273420968 41.4574179446454
36000 36 0.175000000000001 0.170997141002147 -1.44484464658052 -1.47798803791435 1004.62774844471 16.7517210247976 8.82796521387099 41.6345863974003
37000 37 0.18 0.732560310735629 1.61308293078346 1.05567611599445 1047.89607244329 16.818673746999 8.82320755597871 41.8117548501552
38000 38 0.185 -0.509110416740337 -0.69465450519401 1.0327784436181 995.659369317759 16.6379734479821 8.8251950291777 41.9889233029101
39000 39 0.19 1.25297647018416 -0.220328039828723 0.87313705347426 998.705707026268 16.6277653248423 8.8257245666471 42.166091755665
40000 40 0.195000000000001 -0.186610393595024 -0.293836695295025 -0.691616384498581 967.422238082718 16.6670779069757 8.71683453407872 42.3432602084199
41000 41 0.2 0.463684429452065 -0.781587309287331 -0.279728994270876 1059.29252701063 16.6558423547275 8.70023212815751 42.5204286611748
42000 42 0.205 0.343935144241025 -1.56343226184042 -0.77521300893672 986.900389823123 16.52509955939 8.69466686514632 42.6975971139297
43000 43 0.21 0.532600403070499 0.714992277240369 -0.355283170343299 958.625042963282 16.6777125416426 8.62935494797191 42.8747655666846
44000 44 0.215000000000001 0.513168601471911 0.114266912507741 -0.207118247698306 1036.76790160468 16.6034596742597 8.61930813980051 43.0519340194395
45000 45 0.22 1.27989610737764 -0.156973143839314 -0.55256095250514 959.410588479666 16.6591023494756 8.58204968385121 43.2291024721944
46000 46 0.225 -0.641369437913141 -1.0150381931413 -1.71126079360042 1038.11776687444 16.5640120130547 8.5241603243401 43.4062709249493
47000 47 0.23 -0.858464474585285 -0.558007011873161 -0.496515264627611 1128.3793297159 16.6161433625853 8.49069071460771 43.5834393777042
48000 48 0.235000000000001 -0.109378365963164 0.228655186954177 -0.0305988333260575 972.514437137794 16.6844986423881 8.44274323691235 43.7606078304591
49000 49 0.24 0.108532313340937 0.216953588681364 -0.328877649195986 1025.43378802667 16.5684916638311 8.48349759484878 43.937776283214
50000 50 0.245 1.38339442626481 0.813596531548139 1.16509181222154 1011.17469924606 16.6052388000196 8.46591745574462 44.1149447359689
51000 51 0.25 -0.230993873080467 1.19969128233876 0.47727527636988 923.048427231589 16.7426492465134 8.31378527354821 44.2921131887238
52000 52 0.255000000000001 0.138537912983806 0.693219327595863 -0.272352383020107 1032.71982199235 16.732678537175 8.28781694992804 44.4692816414787
53000 53 0.260000000000001 1.17504061169364 -0.132249961080781 0.52006951807078 986.946451347864 16.6662374520492 8.28944776046235 44.6464500942336
54000 54 0.265000000000001 0.422451599435223 -1.09742918445464 -1.03692817607746 923.520866681485 16.7157879735935 8.18622861698556 44.8236185469885
55000 55 0.27 2.54094956092859 1.78886708363525 0.622416512668724 966.326017583984 16.8016705041988 8.21916958530855 45.0007869997433
56000 56 0.275000000000001 2.35400595403083 1.89134702125072 0.746943701965815 1000.85734584318 16.8657175260736 8.12711661979057 45.1779554524982
57000 57 0.280000000000001 1.37837076185986 -0.270037087094254 -0.421048085794309 1038.7691605228 16.7461901416321 8.12461724672733 45.3551239052531
58000 58 0.285 2.30797951012305 0.994661644230467 -0.431277824858022 996.377161550347 16.90328489233 8.02027687497821 45.532292358008
59000 59 0.29 3.03229855165792 -0.652712087464731 0.232864772899057 1002.82331224231 16.7492966792321 8.08041088231709 45.7094608107629
60000 60 0.295000000000001 3.74677445639444 0.175113433265935 0.299820727862488 954.078894067019 16.8110493451963 8.03198260823189 45.8866292635178
61000 61 0.300000000000001 2.77666451976337 0.396715308710405 0.586370074587713 990.024136885084 16.9427924034206 7.93886203958254 46.0637977162727
62000 62 0.305 3.37691391353494 0.170348625384826 0.0172753116566988 917.347755746488 16.950403698195 7.89697800421316 46.2409661690276
63000 63 0.31 5.1414450683796 0.427717911956613 0.465497088388385 1034.13156207537 16.843654142333 7.9414328068725 46.4181346217825
64000 64 0.315000000000001 4.20402501630368 1.01536074949043 -0.616961990116641 1047.33853054432 16.9913657474683 7.84368265135674 46.5953030745374
65000 65 0.320000000000001 4.68177193841136 0.107708223270347 0.496184129244134 974.606879102416 16.9152787737176 7.84622924261138 46.7724715272923
66000 66 0.325000000000001 5.81055706618475 0.792961899067531 0.451692935447063 985.767933180093 16.9340188369657 7.847981750554 46.9496399800472
67000 67 0.33 5.43833963329577 1.68293172196154 1.21340998395112 999.182518914457 17.0401991875894 7.76483193403402 47.1268084328021
68000 68 0.335000000000001 2.87572626400781 -1.99163434467118 -1.31802100245831 1027.81967466386 17.0425611042959 7.65063052823959 47.303976885557
69000 69 0.340000000000001 3.37265723579523 -0.479817051852338 -0.0841558509744387 996.588582600657 17.1590170023249 7.61224994658183 47.4811453383119
70000 70 0.345 3.69964680575798 0.30771490667839 0.394754969673029 958.01150149859 17.3968718944358 7.49192689247394 47.6583137910668
71000 71 0.35 2.34988272080596 -1.3130435386998 -0.739071952171692 1052.7541718642 17.330322611685 7.43902061411324 47.8354822438217
72000 72 0.355 4.92887276502823 0.335969982568172 0.686205203245244 928.881547157996 17.2377706294646 7.51926909675672 48.0126506965766
73000 73 0.360000000000001 5.07955136706495 -0.628942178022572 -0.0830243877829766 950.797398150638 17.1679095614872 7.52233331169924 48.1898191493315
74000 74 0.365 0.304673828156672 -0.270293754750575 -0.690621296148442 1067.3924803579 17.9832450564574 7.06998289890114 48.3669876020864
75000 75 0.37 1.78208038097461 0.580040674476542 0.183816464544683 1000.63537689278 17.9651270602447 7.10685195082338 48.5441560548412
76000 76 0.375 1.92295585335993 1.38788751924229 1.2378445884609 955.701303904472 18.2070682761035 7.00120409576986 48.7213245075961
77000 77 0.380000000000001 0.267514239485437 0.655656212180523 0.260024512637136 987.820920576997 18.7071428902165 6.76328320189642 48.898492960351
78000 78 0.385000000000001 0.613172486828239 0.181437131028551 -0.183904459607232 1005.64551284095 18.5261520965469 6.79311544840121 49.0756614131059
79000 79 0.390000000000001 -0.945999425319312 -1.1930047528252 -0.803367369991021 1031.80226522699 18.5052321846911 6.73049725536035 49.2528298658608
80000 80 0.395 1.11572298045101 0.929754731729904 0.0387725001889313 987.011160584934 18.8053727836022 6.64975013880513 49.4299983186157
81000 81 0.400000000000001 0.828847403878638 0.706476296957921 0.144742377261171 999.406239402161 19.1633732229969 6.51246872958398 49.6071667713706
82000 82 0.405000000000001 0.697595299712501 0.42129774747872 -0.0601680375008231 980.21334243984 18.8174256936941 6.59510098068763 49.7843352241255
83000 83 0.410000000000001 -0.0471366892367768 0.033572833113602 -0.162569245891177 965.213156101561 18.648993346095 6.6316425785203 49.9615036768804
84000 84 0.415 1.25142210283538 0.468119115959021 0.870962172515539 970.947883722559 18.4526749860938 6.68363611144679 50.1386721296353
85000 85 0.420000000000001 2.51892202912636 0.955493178878516 1.64866619561999 997.029079416843 18.4970467251107 6.69380152869382 50.3158405823902
86000 86 0.425000000000001 1.41601790574703 0.234008321564452 0.0176292783125566 977.777215329404 18.7834369471589 6.51211737525364 50.4930090351451
87000 87 0.430000000000001 1.84068379426723 -0.435774974729793 -0.228003619996188 1017.29025972054 18.8295883133596 6.48104593327588 50.6701774879
88000 88 0.435 1.93761201598976 0.901352582645483 -0.50065038755226 985.671144072184 18.9075963787678 6.45197949837746 50.8473459406549
89000 89 0.440000000000001 1.71097477511986 0.554722143957708 0.119458315485054 1013.33097433832 18.6814263746985 6.50866655442068 51.0245143934098
90000 90 0.445000000000001 0.922764319333625 -1.59964555007314 -0.707631034589533 954.565553340821 18.4351911070794 6.53150370783957 51.2016828461647
91000 91 0.450000000000001 1.60439327748112 -0.476098121260102 -0.165056552144183 1025.03421319452 18.5712406041517 6.50265011379746 51.3788512989196
92000 92 0.455000000000001 2.10470416737636 0.0716769571743045 0.058789076491842 984.184627823031 18.6683719451409 6.44241794678774 51.5560197516745
93000 93 0.460000000000001 1.01817466494769 0.228276478121541 -0.153145126238162 1039.70322252611 18.5165293610063 6.46962883205452 51.7331882044294
94000 94 0.465000000000001 0.845213207813158 -0.258283906727389 -1.24956376349117 999.898362100336 18.3412460919269 6.47518524415201 51.9103566571843
95000 95 0.470000000000001 1.30834859246864 -0.735029242190519 -0.201312449759535 1087.82121461752 18.4806814259885 6.44642098779698 52.0875251099392
96000 96 0.475000000000001 1.35741615196113 1.05243353758559 0.0441461039254488 1010.42441562894 18.4363143960562 6.44304274236471 52.264693562694
97000 97 0.480000000000001 1.35095133940313 0.575291801187239 0.454615532864351 987.64011606785 18.2869328120209 6.46910794598318 52.4418620154489
98000 98 0.485000000000001 0.803361266591321 -0.785644640905497 -0.664474922763131 1057.00600763242 18.184853784176 6.46689780034104 52.6190304682038
99000 99 0.49 0.396108487580935 -0.988008868294608 -0.984426963976789 963.439609666263 18.0917562422832 6.4578439138359 52.7961989209587
100000 100 0.495000000000001 0.182557664763787 -0.45175745991346 -0.700090223457285 991.201402991766 17.9970200789778 6.47668243870445 52.9733673737136
101000 101 0.500000000000001 1.44702956318229 0.794235976383724 -0.194741210562898 940.765242156041 18.2213087946413 6.41362499004317 53.1505358264685
