# r(A) g(r)_avg coord_avg
0.02000000 0.00000000 0.00000000
0.06000000 0.00000000 0.00000000
0.10000000 0.00000000 0.00000000
0.14000000 0.00000000 0.00000000
0.18000000 0.00000000 0.00000000
0.22000000 0.00000000 0.00000000
0.26000000 0.00000000 0.00000000
0.30000000 0.00000000 0.00000000
0.34000000 0.00000000 0.00000000
0.38000000 0.00000000 0.00000000
0.42000000 0.00000000 0.00000000
0.46000000 0.00000000 0.00000000
0.50000000 0.00000000 0.00000000
0.54000000 0.00000000 0.00000000
0.58000000 0.00000000 0.00000000
0.62000000 0.00000000 0.00000000
0.66000000 0.00000000 0.00000000
0.70000000 0.00000000 0.00000000
0.74000000 0.00000000 0.00000000
0.78000000 0.00000000 0.00000000
0.82000000 0.00000000 0.00000000
0.86000000 0.00000000 0.00000000
0.90000000 0.00000000 0.00000000
0.94000000 0.00000000 0.00000000
0.98000000 0.00000000 0.00000000
1.02000000 0.00000000 0.00000000
1.06000000 0.00000000 0.00000000
1.10000000 0.00000000 0.00000000
1.14000000 0.00000000 0.00000000
1.18000000 0.00000000 0.00000000
1.22000000 0.00000000 0.00000000
1.26000000 0.00000000 0.00000000
1.30000000 0.00000000 0.00000000
1.34000000 0.00000000 0.00000000
1.38000000 0.00000000 0.00000000
1.42000000 0.00000000 0.00000000
1.46000000 0.00000000 0.00000000
1.50000000 0.00000000 0.00000000
1.54000000 0.00000000 0.00000000
1.58000000 0.00000000 0.00000000
1.62000000 0.00000000 0.00000000
1.66000000 0.00000000 0.00000000
1.70000000 0.00000000 0.00000000
1.74000000 0.00000000 0.00000000
1.78000000 0.00000000 0.00000000
1.82000000 0.00000000 0.00000000
1.86000000 0.00000000 0.00000000
1.90000000 0.00000000 0.00000000
1.94000000 0.00000000 0.00000000
1.98000000 0.00000000 0.00000000
2.02000000 0.00000000 0.00000000
2.06000000 0.00000000 0.00000000
2.10000000 0.00000000 0.00000000
2.14000000 0.00000000 0.00000000
2.18000000 0.00000000 0.00000000
2.22000000 0.00000000 0.00000000
2.26000000 0.00000000 0.00000000
2.30000000 0.00000000 0.00000000
2.34000000 0.00000000 0.00000000
2.38000000 0.00000000 0.00000000
2.42000000 0.00000000 0.00000000
2.46000000 0.00000000 0.00000000
2.50000000 0.00000000 0.00000000
2.54000000 0.00000000 0.00000000
2.58000000 15.21870000 4.00000000
2.62000000 25.82570000 11.00000000
2.66000000 3.57926000 12.00000000
2.70000000 0.00000000 12.00000000
2.74000000 0.00000000 12.00000000
2.78000000 0.00000000 12.00000000
2.82000000 0.00000000 12.00000000
2.86000000 0.00000000 12.00000000
2.90000000 0.00000000 12.00000000
2.94000000 0.00000000 12.00000000
2.98000000 0.00000000 12.00000000
3.02000000 0.00000000 12.00000000
3.06000000 0.00000000 12.00000000
3.10000000 0.00000000 12.00000000
3.14000000 0.00000000 12.00000000
3.18000000 0.00000000 12.00000000
3.22000000 0.00000000 12.00000000
3.26000000 0.00000000 12.00000000
3.30000000 0.00000000 12.00000000
3.34000000 0.00000000 12.00000000
3.38000000 0.00000000 12.00000000
3.42000000 0.00000000 12.00000000
3.46000000 0.00000000 12.00000000
3.50000000 0.00000000 12.00000000
3.54000000 0.00000000 12.00000000
3.58000000 0.00000000 12.00000000
3.62000000 0.00000000 12.00000000
3.66000000 7.56237000 16.00000000
3.70000000 0.00000000 16.00000000
3.74000000 3.62115000 18.00000000
3.78000000 0.00000000 18.00000000
3.82000000 0.00000000 18.00000000
3.86000000 0.00000000 18.00000000
3.90000000 0.00000000 18.00000000
3.94000000 0.00000000 18.00000000
3.98000000 0.00000000 18.00000000
4.02000000 0.00000000 18.00000000
4.06000000 0.00000000 18.00000000
4.10000000 0.00000000 18.00000000
4.14000000 0.00000000 18.00000000
4.18000000 0.00000000 18.00000000
4.22000000 2.84424000 20.00000000
4.26000000 0.00000000 20.00000000
4.30000000 0.00000000 20.00000000
4.34000000 0.00000000 20.00000000
4.38000000 0.00000000 20.00000000
4.42000000 0.00000000 20.00000000
4.46000000 0.00000000 20.00000000
4.50000000 13.75720000 31.00000000
4.54000000 4.91485000 35.00000000
4.58000000 3.62203000 38.00000000
4.62000000 0.00000000 38.00000000
4.66000000 0.00000000 38.00000000
4.70000000 0.00000000 38.00000000
4.74000000 0.00000000 38.00000000
4.78000000 0.00000000 38.00000000
4.82000000 0.00000000 38.00000000
4.86000000 0.00000000 38.00000000
4.90000000 0.00000000 38.00000000
4.94000000 0.00000000 38.00000000
4.98000000 12.25420000 50.00000000
5.02000000 0.00000000 50.00000000
5.06000000 0.00000000 50.00000000
5.10000000 0.00000000 50.00000000
5.14000000 0.00000000 50.00000000
5.18000000 1.88770000 52.00000000
5.22000000 0.92944000 53.00000000
5.26000000 1.83072000 55.00000000
5.30000000 0.90159300 56.00000000
5.34000000 0.00000000 56.00000000
5.38000000 0.00000000 56.00000000
5.42000000 0.00000000 56.00000000
5.46000000 0.00000000 56.00000000
5.50000000 0.00000000 56.00000000
5.54000000 0.00000000 56.00000000
5.58000000 0.00000000 56.00000000
5.62000000 0.00000000 56.00000000
5.66000000 0.00000000 56.00000000
5.70000000 0.00000000 56.00000000
5.74000000 0.00000000 56.00000000
5.78000000 4.54840000 62.00000000
5.82000000 1.49536000 64.00000000
5.86000000 0.00000000 64.00000000
5.90000000 1.45509000 66.00000000
5.94000000 1.43555000 68.00000000
5.98000000 0.00000000 68.00000000
6.02000000 0.00000000 68.00000000
6.06000000 0.00000000 68.00000000
6.10000000 0.00000000 68.00000000
6.14000000 0.00000000 68.00000000
6.18000000 5.30488000 76.00000000
6.22000000 2.61844000 80.00000000
6.26000000 0.00000000 80.00000000
6.30000000 0.00000000 80.00000000
6.34000000 0.00000000 80.00000000
6.38000000 1.86656000 83.00000000
6.42000000 1.84338000 86.00000000
6.46000000 0.00000000 86.00000000
6.50000000 1.19885000 88.00000000
6.54000000 2.36847000 92.00000000
6.58000000 0.00000000 92.00000000
6.62000000 0.00000000 92.00000000
6.66000000 0.00000000 92.00000000
6.70000000 2.25670000 96.00000000
6.74000000 3.34499000 102.00000000
6.78000000 1.10188000 104.00000000
6.82000000 0.00000000 104.00000000
6.86000000 4.30531000 112.00000000
6.90000000 3.72360000 119.00000000
6.94000000 2.10331000 123.00000000
6.98000000 2.59910000 128.00000000
7.02000000 2.05565000 132.00000000
7.06000000 1.01621000 134.00000000
7.10000000 0.00000000 134.00000000
7.14000000 0.00000000 134.00000000
7.18000000 0.00000000 134.00000000
7.22000000 0.00000000 134.00000000
7.26000000 0.00000000 134.00000000
7.30000000 0.00000000 134.00000000
7.34000000 0.00000000 134.00000000
7.38000000 0.00000000 134.00000000
7.42000000 0.00000000 134.00000000
7.46000000 0.91015600 136.00000000
7.50000000 4.05213000 145.00000000
7.54000000 0.44547200 146.00000000
7.58000000 0.00000000 146.00000000
7.62000000 0.00000000 146.00000000
7.66000000 0.00000000 146.00000000
7.70000000 0.00000000 146.00000000
7.74000000 0.00000000 146.00000000
7.78000000 2.51047000 152.00000000
7.82000000 0.00000000 152.00000000
7.86000000 0.81987600 154.00000000
7.90000000 0.81159500 156.00000000
7.94000000 0.80343800 158.00000000
7.98000000 0.00000000 158.00000000
