step time_ps strain stress_z_GPa stress_x_GPa stress_y_GPa temp_K lx_A ly_A lz_A
1000 1 1.45271540392945e-15 2.06113848539828 0.870681355533071 -2.56248950914734 301.075194974643 15.6355345759107 33.0780227059223 29.3468108277018
2000 2 0.00500000000000146 3.19025191684028 -0.313166115078466 -0.188479959125657 294.015576800377 15.1682632991974 34.1220476836855 29.4935448818404
3000 3 0.0100000000000015 3.1521308748992 0.20087856871182 0.0174555766894381 303.450676561097 15.0602570432347 34.2129861176453 29.6402789359789
4000 4 0.0150000000000016 3.17197672761943 0.011718999895916 0.239829812562573 309.928022328894 15.0813758834167 34.02870178919 29.7870129901174
5000 5 0.0200000000000015 2.77082748244277 0.295340125062241 -0.0246913193570505 309.206671488045 15.0721571920374 33.8310774571436 29.9337470442559
6000 6 0.0250000000000015 2.84354665107817 0.0293433228152775 0.185833602262217 286.638867289278 15.0257799052581 33.7849450136952 30.0804810983944
7000 7 0.0300000000000015 2.67331696432792 -0.177959682067951 -0.202541386153764 304.551340774441 14.9780546114315 33.6981885489963 30.2272151525329
8000 8 0.0350000000000016 3.28807808590888 0.286181479819653 0.376895281833358 297.109606106688 15.0161816946945 33.582928024645 30.3739492066714
9000 9 0.0400000000000015 2.9855097619343 0.435444930868287 0.420551790336131 294.390190196753 14.9695044999176 33.5024555443917 30.5206832608099
10000 10 0.0450000000000015 2.86182489972978 -0.218565973450841 0.0167868800436942 304.278086529512 14.9192970544433 33.3310731296983 30.6674173149484
11000 11 0.0500000000000015 2.70431349822708 -0.0364352186220124 -0.193316028874308 285.531597498645 14.8747624294562 33.2569360117142 30.8141513690869
12000 12 0.0550000000000016 2.63391127773463 -0.155981282260696 -0.178623961688604 301.551001440324 14.8743559590006 33.1238312392142 30.9608854232254
13000 13 0.0600000000000015 2.89118773898925 0.0487140409057875 0.223605266194185 300.672980451051 14.8772993647385 33.0658325972717 31.107619477364
14000 14 0.0650000000000015 2.92205101958459 0.154475194625359 0.0386497203777867 294.656399303546 14.805414625138 33.0821399328194 31.2543535315025
15000 15 0.0700000000000015 3.04437244402876 -0.0911766850659498 -0.274727539628142 290.181655640877 14.7811019651668 32.9528231848392 31.401087585641
16000 16 0.0750000000000016 2.9690833269428 -0.130467620883142 -0.197227858987619 297.054580967706 14.7280898297446 32.8983955647884 31.5478216397795
17000 17 0.0800000000000015 3.09122361390272 -0.0255337865011268 -0.365115232460326 305.448708511638 14.6604592551849 32.9355986287757 31.694555693918
18000 18 0.0850000000000015 2.89332805092079 -0.243236206219302 -0.131322548675728 298.494980618386 14.5711218667835 32.9423587883515 31.8412897480565
19000 19 0.0900000000000016 2.20984605820258 -0.51168799313106 -0.590004084936294 304.165041623486 14.5388473898396 32.7310691063054 31.988023802195
20000 20 0.0950000000000016 1.93091229431728 -0.113137653587119 0.0545658473466671 303.123301066151 14.5737644078497 32.5435110027177 32.1347578563335
21000 21 0.100000000000002 1.88002286939355 -0.117981666000359 0.0373514221478462 291.218370710065 14.457389274667 32.5535406305828 32.281491910472
22000 22 0.105000000000002 1.91139089592862 0.295494863215493 0.029758497647311 307.671210302373 14.4622124644623 32.4315483830629 32.4282259646105
23000 23 0.110000000000002 1.74559503663026 0.10379403390669 0.589459111632252 304.435412403505 14.3430366221471 32.568951349868 32.574960018749
24000 24 0.115000000000002 1.98145429831314 0.0546199056517382 0.314302237373931 300.402647374627 14.294608900821 32.499889872878 32.7216940728876
25000 25 0.120000000000002 1.54235291633224 -0.37642602524899 -0.269660908528193 302.07588890187 14.2861186596135 32.2885368808327 32.8684281270261
26000 26 0.125000000000002 2.14493107914444 0.16780997283612 0.0185636502513665 293.444447413358 14.2675110289949 32.2585232143425 33.0151621811646
27000 27 0.130000000000002 2.01872741402131 0.0865288443413117 0.49080435693603 309.466008750553 14.2261699140837 32.2948174580335 33.1618962353031
28000 28 0.135000000000002 2.56541189045676 -0.0730448991576933 0.0829160368281657 311.225646110455 14.2033600897435 32.1843636687072 33.3086302894416
29000 29 0.140000000000002 2.45999700495432 0.0532396680410679 0.111238938493833 304.818570438478 14.1726582788072 32.0941633831018 33.4553643435801
30000 30 0.145000000000002 2.13664349189856 -0.707002851391936 -0.583987633558482 303.14214461032 14.1150293914019 31.9546077873301 33.6020983977186
31000 31 0.150000000000002 2.07352154611083 -0.137832171105894 -0.310320698893657 300.934057870687 14.1125545715878 31.9209272841932 33.7488324518571
32000 32 0.155000000000002 2.4033766297861 -0.0414040661589471 0.058845043690294 305.920257911677 14.0479014787481 31.9403218639972 33.8955665059956
33000 33 0.160000000000002 2.56529452308512 -0.101820471852406 -0.264423635884877 306.055121681192 14.0722757292515 31.745807266982 34.0423005601341
34000 34 0.165000000000002 2.82316849794606 0.139342803284076 0.0108888688697465 298.582121860873 14.090827872824 31.6243290472257 34.1890346142726
35000 35 0.170000000000002 2.86957840587352 0.0114672596113538 -0.0976397500232986 295.900005058368 14.0198815686038 31.6483704253586 34.3357686684112
36000 36 0.175000000000002 2.66361500002466 0.116943656529785 0.17703850446704 304.358470878654 14.0666900343983 31.4398006086368 34.4825027225497
37000 37 0.180000000000002 2.83954076561761 -0.248565110869865 0.368937593832126 298.231659273684 13.9573487237687 31.5827786141632 34.6292367766882
38000 38 0.185000000000002 2.64862122436004 -0.193125294343175 -0.286896906668411 283.352249524378 13.9486570703138 31.4154787280694 34.7759708308267
39000 39 0.190000000000002 2.89849210429379 -0.488947784960212 -0.471962437615369 311.711190372342 13.9130481351605 31.3342548388244 34.9227048849652
40000 40 0.195000000000002 2.9592986394564 -0.0101875798440095 0.0526435800534978 298.188566831907 13.8268334204748 31.4485355321215 35.0694389391037
41000 41 0.200000000000002 2.74194824138091 0.113092181700791 0.300419818664102 302.073132433071 13.8405907962844 31.2933111302751 35.2161729932422
42000 42 0.205000000000002 2.78774365158213 -0.12488038220044 -0.152914119747817 312.80818866177 13.8364092318571 31.152209857612 35.3629070473807
43000 43 0.210000000000002 2.8234201605507 0.573890196702882 0.27058666983291 309.401132762417 13.8629230591689 31.0024773830671 35.5096411015192
44000 44 0.215000000000002 2.80744758751524 0.151552273013679 0.0592597942000053 302.340888948844 13.7980097098559 30.9474241220613 35.6563751556577
45000 45 0.220000000000002 2.65665116498475 0.1770630565695 0.448310801419713 313.438132366276 13.7080803674912 31.0137706506125 35.8031092097962
46000 46 0.225000000000002 2.42502645419714 -0.734475261315453 -0.593948207503579 289.829511539272 13.700679712637 30.756048217968 35.9498432639348
47000 47 0.230000000000002 3.16957798969868 0.290763066027032 0.286796126825451 302.967290619 13.7250556693056 30.7469760174785 36.0965773180733
48000 48 0.235000000000002 2.92196239354828 -0.349059303543742 0.219923812454157 290.670454101129 13.6465487047233 30.7589347504669 36.2433113722118
49000 49 0.240000000000002 2.92980436749802 0.218310859158994 0.268698136983897 299.284293620625 13.6366842922152 30.7083247759596 36.3900454263503
50000 50 0.245000000000002 2.61251156668595 -0.348095427661502 -0.265069105830858 287.57862684845 13.6682014347553 30.4165280414185 36.5367794804888
51000 51 0.250000000000002 2.92269678437601 -0.123712331787963 -0.268881126500895 287.8454009725 13.5922017080877 30.5208377218288 36.6835135346273
52000 52 0.255000000000002 2.35450385287548 -0.432483145534967 0.111068041317903 299.259643330486 13.5274690447925 30.4986486396204 36.8302475887658
53000 53 0.260000000000002 2.78540555305118 -0.110137898376291 0.138520232005101 310.526519144417 13.5146501271171 30.4526668751634 36.9769816429043
54000 54 0.265000000000002 2.48670182181629 -0.513580058559593 -0.0660982918015798 293.087532468587 13.489912380652 30.3233015883975 37.1237156970428
55000 55 0.270000000000002 2.429481407986 -0.180973163635311 0.111286572700116 295.614587780733 13.484138634975 30.2783263576904 37.2704497511813
56000 56 0.275000000000002 2.97695888177535 0.351903578289641 0.360978829670458 301.668752139278 13.4788471310695 30.2368211122355 37.4171838053199
57000 57 0.280000000000002 2.58500541202081 -0.274783745098997 -0.335462901853849 300.080906031068 13.4035520674275 30.148586180042 37.5639178594584
58000 58 0.285000000000002 2.44853125410828 -0.140948431679997 -0.239034858633996 305.20515590441 13.4235000631253 30.0130485616565 37.7106519135969
59000 59 0.290000000000002 2.50959474258932 0.0593990969269874 -0.117349614285796 293.028262936172 13.4047995696496 29.9245147544895 37.8573859677354
60000 60 0.295000000000002 2.1074154455651 -0.333241628943228 -0.53214645070378 299.819498887958 13.3009785073369 29.9305545703961 38.0041200218739
61000 61 0.300000000000002 2.08878156132159 -0.202580443045426 -0.0474540942928025 297.551882640508 13.2767326334234 29.9212288608586 38.1508540760124
62000 62 0.305000000000002 2.27096245889128 0.0882563333977164 0.286066831833395 286.19939669786 13.2444354057807 29.9272194241663 38.2975881301509
63000 63 0.310000000000002 2.00768158502965 0.00435418533916972 0.24044429765393 300.122687700949 13.251734311988 29.7588985839711 38.4443221842894
64000 64 0.315000000000002 2.65551006321836 0.302009262951273 0.368040918934346 302.927969197262 13.2408402287098 29.7218818719402 38.5910562384279
65000 65 0.320000000000002 2.21490726001249 -0.0317469200630931 -0.332274363637818 292.112930167248 13.2146100044979 29.5783478890011 38.7377902925664
66000 66 0.325000000000002 2.36500040139342 0.0773147780814076 0.173664624886123 321.846717870981 13.1659192730006 29.6596640929084 38.8845243467049
67000 67 0.330000000000002 2.03682304651006 -0.0857026641610452 -0.199554033063441 288.390914568793 13.1662539025018 29.452599221084 39.0312584008434
68000 68 0.335000000000002 2.40980484730485 -0.0652178726266004 -0.000316507523019665 299.599538068576 13.1505099536918 29.4332470914715 39.177992454982
69000 69 0.340000000000002 2.7735030350334 0.00756050296971026 0.0916464628695049 282.483764481054 13.154015134439 29.3448580350347 39.3247265091205
70000 70 0.345000000000002 2.75269153858009 0.247785110897397 0.292597438543074 297.815426794467 13.1277647801944 29.3142158536931 39.471460563259
71000 71 0.350000000000002 2.80766460237042 -0.534620598557271 -0.253440918674421 297.719465444311 13.0446147142395 29.2801684802147 39.6181946173975
72000 72 0.355000000000002 3.3335317122353 0.318519119678451 0.269496329842717 301.18681245743 13.0919695812579 29.1722799203252 39.764928671536
73000 73 0.360000000000002 3.06442500808839 -0.301377230134993 -0.0240310391140815 302.11070814007 13.0617296726561 29.0628620498236 39.9116627256745
74000 74 0.365000000000002 3.10728139252742 -0.0341936079874506 0.285534461370434 304.151056736305 13.0240098100962 29.1074689552394 40.058396779813
75000 75 0.370000000000002 3.11101116288033 0.0691039857102294 0.0855177821894432 300.711167036981 13.0472760825422 28.9366899244498 40.2051308339515
76000 76 0.375000000000002 2.98870535918203 0.119352690389344 0.314023725208822 296.989970899182 12.983550531658 28.9934480609601 40.35186488809
77000 77 0.380000000000002 2.89363004337773 -0.0685183541604187 0.294294374851098 320.991559453279 12.9639557555926 28.9362756478574 40.4985989422285
78000 78 0.385000000000002 2.69023678099607 0.524837817424454 0.628406276182659 300.747626767705 13.0094308874443 28.7630066971359 40.645332996367
79000 79 0.390000000000002 2.71299607012124 -0.0371393327266316 0.23510872485659 304.000147448923 12.9596278000355 28.6659668884478 40.7920670505056
80000 80 0.395000000000002 2.96879420560539 0.204575761520808 -0.110643790164127 298.484246939051 12.9731838880245 28.5531710583843 40.9388011046441
81000 81 0.400000000000002 3.13618000800061 0.365132959665444 0.587956406299213 302.407741622245 12.9010057694887 28.6978301789157 41.0855351587826
82000 82 0.405000000000002 2.91784225308426 -0.352081569788132 -0.0506422532203455 295.072406818892 12.8247359016499 28.6531777892224 41.2322692129211
83000 83 0.410000000000002 3.19627508706226 0.141253965826439 0.168214466871283 302.148222327202 12.8667857559045 28.5276657000382 41.3790032670596
84000 84 0.415000000000002 2.79879005903324 -0.338052757107438 -0.586444637371185 309.321502333531 12.8444389186846 28.4075769957262 41.5257373211981
85000 85 0.420000000000002 2.62446809191935 -0.183074077056305 -0.0164862420874716 307.493572820966 12.8314764512098 28.3378781851943 41.6724713753366
86000 86 0.425000000000002 2.49978158417948 0.14019543718784 0.267545870763789 291.127652680154 12.844351848283 28.2453395787313 41.8192054294751
87000 87 0.430000000000002 2.21970092961138 0.0498271382066888 0.217906068196443 301.015667879071 12.8385760137283 28.1417649040184 41.9659394836136
88000 88 0.435000000000002 2.49332174436773 -0.0967824681755672 -0.0307264987992757 302.033618298437 12.8092415367467 28.1221884951716 42.1126735377521
89000 89 0.440000000000002 2.14884029568389 -0.252511628057493 0.183332531939911 289.650973985918 12.738833647352 28.1364422790312 42.2594075918906
90000 90 0.445000000000002 2.66603529468044 0.19448609696596 0.0994319232871625 300.539342391044 12.7668104981867 28.0732721400951 42.4061416460292
91000 91 0.450000000000002 2.52200336674622 0.0039414193493023 0.0622550176251882 292.342918124144 12.7301564988991 28.0483650670109 42.5528757001677
92000 92 0.455000000000002 2.95176569919574 0.284365723155087 0.465519148827265 294.819862032557 12.7092175228493 28.0621821922375 42.6996097543062
93000 93 0.460000000000002 3.23211416172103 0.321574108416515 0.397397219527856 305.85928613601 12.7028097182501 27.9713900676759 42.8463438084447
94000 94 0.465000000000002 2.66646578531076 0.103421054143037 -0.246633814898711 299.186818198651 12.7051419152748 27.7879446668068 42.9930778625832
95000 95 0.470000000000002 3.01773626181935 0.225097177544769 0.385409881986994 280.276903158055 12.6791415257989 27.8342115865696 43.1398119167217
96000 96 0.475000000000002 2.3781497867991 -0.219776409488573 -0.362581610301476 297.772722755016 12.6402754192722 27.7199453085847 43.2865459708602
97000 97 0.480000000000002 2.62533960139496 0.251425368973403 -0.0861825085570339 310.068688137072 12.5911749853887 27.8047150802473 43.4332800249987
98000 98 0.485000000000002 2.41032080529344 0.146495872380448 0.356009306967064 302.008577588953 12.5565388339391 27.782731284325 43.5800140791372
99000 99 0.490000000000002 2.2360270690209 -0.227319356710215 0.0324487123553175 289.921960770981 12.4953647580719 27.751323030545 43.7267481332757
100000 100 0.495000000000002 1.99055398268839 -0.257551976643528 0.0268611245870426 302.021320395028 12.4478487107397 27.7459674802858 43.8734821874143
101000 101 0.500000000000002 1.77819514988847 -0.131618003128849 -0.0949683149842051 293.792469050763 12.4385370456777 27.6742983575896 44.0202162415528
