# r(A) g(r)_avg coord_avg
0.02000000 0.00000000 0.00000000
0.06000000 0.00000000 0.00000000
0.10000000 0.00000000 0.00000000
0.14000000 0.00000000 0.00000000
0.18000000 0.00000000 0.00000000
0.22000000 0.00000000 0.00000000
0.26000000 0.00000000 0.00000000
0.30000000 0.00000000 0.00000000
0.34000000 0.00000000 0.00000000
0.38000000 0.00000000 0.00000000
0.42000000 0.00000000 0.00000000
0.46000000 0.00000000 0.00000000
0.50000000 0.00000000 0.00000000
0.54000000 0.00000000 0.00000000
0.58000000 0.00000000 0.00000000
0.62000000 0.00000000 0.00000000
0.66000000 0.00000000 0.00000000
0.70000000 0.00000000 0.00000000
0.74000000 0.00000000 0.00000000
0.78000000 0.00000000 0.00000000
0.82000000 0.00000000 0.00000000
0.86000000 0.00000000 0.00000000
0.90000000 0.00000000 0.00000000
0.94000000 0.00000000 0.00000000
0.98000000 0.00000000 0.00000000
1.02000000 0.00000000 0.00000000
1.06000000 0.00000000 0.00000000
1.10000000 0.00000000 0.00000000
1.14000000 0.00000000 0.00000000
1.18000000 0.00000000 0.00000000
1.22000000 0.00000000 0.00000000
1.26000000 0.00000000 0.00000000
1.30000000 0.00000000 0.00000000
1.34000000 0.00000000 0.00000000
1.38000000 0.00000000 0.00000000
1.42000000 0.00000000 0.00000000
1.46000000 0.00000000 0.00000000
1.50000000 0.00000000 0.00000000
1.54000000 0.00000000 0.00000000
1.58000000 0.00000000 0.00000000
1.62000000 0.00000000 0.00000000
1.66000000 0.00000000 0.00000000
1.70000000 0.00000000 0.00000000
1.74000000 0.00000000 0.00000000
1.78000000 0.00000000 0.00000000
1.82000000 0.00000000 0.00000000
1.86000000 0.00000000 0.00000000
1.90000000 0.00000000 0.00000000
1.94000000 0.00000000 0.00000000
1.98000000 0.00000000 0.00000000
2.02000000 0.00000000 0.00000000
2.06000000 0.00000000 0.00000000
2.10000000 0.00000000 0.00000000
2.14000000 0.00000000 0.00000000
2.18000000 0.00000000 0.00000000
2.22000000 0.00000000 0.00000000
2.26000000 0.00000000 0.00000000
2.30000000 0.00000000 0.00000000
2.34000000 0.00000000 0.00000000
2.38000000 0.00000000 0.00000000
2.42000000 0.00000000 0.00000000
2.46000000 0.00000000 0.00000000
2.50000000 0.00000000 0.00000000
2.54000000 0.00000000 0.00000000
2.58000000 0.00000000 0.00000000
2.62000000 0.00000000 0.00000000
2.66000000 0.00000000 0.00000000
2.70000000 0.00000000 0.00000000
2.74000000 6.35464000 1.33333000
2.78000000 6.17309000 2.66667000
2.82000000 17.99760000 6.66667000
2.86000000 0.00000000 6.66667000
2.90000000 5.67279000 8.00000000
2.94000000 0.00000000 8.00000000
2.98000000 0.00000000 8.00000000
3.02000000 0.00000000 8.00000000
3.06000000 0.00000000 8.00000000
3.10000000 0.00000000 8.00000000
3.14000000 0.00000000 8.00000000
3.18000000 0.00000000 8.00000000
3.22000000 9.20264000 10.66670000
3.26000000 6.73364000 12.66670000
3.30000000 0.00000000 12.66670000
3.34000000 4.27663000 14.00000000
3.38000000 0.00000000 14.00000000
3.42000000 0.00000000 14.00000000
3.46000000 0.00000000 14.00000000
3.50000000 0.00000000 14.00000000
3.54000000 0.00000000 14.00000000
3.58000000 0.00000000 14.00000000
3.62000000 0.00000000 14.00000000
3.66000000 0.00000000 14.00000000
3.70000000 0.00000000 14.00000000
3.74000000 0.00000000 14.00000000
3.78000000 0.00000000 14.00000000
3.82000000 0.00000000 14.00000000
3.86000000 0.00000000 14.00000000
3.90000000 0.00000000 14.00000000
3.94000000 0.00000000 14.00000000
3.98000000 0.00000000 14.00000000
4.02000000 0.00000000 14.00000000
4.06000000 0.00000000 14.00000000
4.10000000 0.00000000 14.00000000
4.14000000 0.00000000 14.00000000
4.18000000 0.00000000 14.00000000
4.22000000 0.00000000 14.00000000
4.26000000 0.00000000 14.00000000
4.30000000 0.00000000 14.00000000
4.34000000 0.00000000 14.00000000
4.38000000 0.00000000 14.00000000
4.42000000 0.00000000 14.00000000
4.46000000 1.19921000 14.66670000
4.50000000 0.00000000 14.66670000
4.54000000 0.00000000 14.66670000
4.58000000 9.09758000 20.00000000
4.62000000 1.11759000 20.66670000
4.66000000 8.78790000 26.00000000
4.70000000 0.00000000 26.00000000
4.74000000 0.00000000 26.00000000
4.78000000 0.00000000 26.00000000
4.82000000 0.00000000 26.00000000
4.86000000 0.00000000 26.00000000
4.90000000 0.00000000 26.00000000
4.94000000 0.00000000 26.00000000
4.98000000 0.00000000 26.00000000
5.02000000 0.00000000 26.00000000
5.06000000 0.00000000 26.00000000
5.10000000 0.00000000 26.00000000
5.14000000 0.00000000 26.00000000
5.18000000 0.00000000 26.00000000
5.22000000 0.00000000 26.00000000
5.26000000 0.00000000 26.00000000
5.30000000 3.39685000 28.66670000
5.34000000 1.67307000 30.00000000
5.38000000 9.88973000 38.00000000
5.42000000 11.36830000 47.33330000
5.46000000 3.20068000 50.00000000
5.50000000 1.57715000 51.33330000
5.54000000 0.00000000 51.33330000
5.58000000 0.00000000 51.33330000
5.62000000 0.00000000 51.33330000
5.66000000 7.44620000 58.00000000
5.70000000 0.00000000 58.00000000
5.74000000 0.00000000 58.00000000
5.78000000 0.00000000 58.00000000
5.82000000 0.00000000 58.00000000
5.86000000 0.00000000 58.00000000
5.90000000 0.00000000 58.00000000
5.94000000 0.00000000 58.00000000
5.98000000 0.00000000 58.00000000
6.02000000 0.00000000 58.00000000
6.06000000 0.00000000 58.00000000
6.10000000 0.00000000 58.00000000
6.14000000 0.00000000 58.00000000
6.18000000 0.00000000 58.00000000
6.22000000 0.00000000 58.00000000
6.26000000 0.00000000 58.00000000
6.30000000 0.00000000 58.00000000
6.34000000 0.00000000 58.00000000
6.38000000 0.00000000 58.00000000
6.42000000 0.00000000 58.00000000
6.46000000 1.14323000 59.33330000
6.50000000 1.69380000 61.33330000
6.54000000 1.11543000 62.66670000
6.58000000 1.10191000 64.00000000
6.62000000 0.00000000 64.00000000
6.66000000 0.00000000 64.00000000
6.70000000 0.00000000 64.00000000
6.74000000 0.00000000 64.00000000
6.78000000 0.00000000 64.00000000
6.82000000 0.00000000 64.00000000
6.86000000 0.00000000 64.00000000
6.90000000 0.00000000 64.00000000
6.94000000 0.00000000 64.00000000
6.98000000 0.00000000 64.00000000
7.02000000 1.93622000 66.66670000
7.06000000 2.87151000 70.66670000
7.10000000 7.57132000 81.33330000
7.14000000 4.67920000 88.00000000
7.18000000 0.00000000 88.00000000
7.22000000 1.83043000 90.66670000
7.26000000 6.33612000 100.00000000
7.30000000 4.47634000 106.66700000
7.34000000 2.65661000 110.66700000
7.38000000 0.87596300 112.00000000
7.42000000 0.00000000 112.00000000
7.46000000 0.00000000 112.00000000
7.50000000 0.00000000 112.00000000
7.54000000 0.00000000 112.00000000
7.58000000 0.00000000 112.00000000
7.62000000 0.00000000 112.00000000
7.66000000 0.00000000 112.00000000
7.70000000 0.00000000 112.00000000
7.74000000 0.00000000 112.00000000
7.78000000 0.00000000 112.00000000
7.82000000 0.00000000 112.00000000
7.86000000 0.77224200 113.33300000
7.90000000 0.00000000 113.33300000
7.94000000 4.54055000 121.33300000
7.98000000 3.74596000 128.00000000
