step time_ps strain stress_z_GPa stress_x_GPa stress_y_GPa temp_K lx_A ly_A lz_A
1000 1 -4.16482816261967e-16 -2.32052347159272 1.46982232489149 1.10029811299335 296.609576562768 15.667229135298 16.1467496464932 68.2422138937103
2000 2 0.00499999999999945 -0.792659305087687 -0.0785211473210777 0.065703864354301 291.765128682908 15.461017359371 16.262174990476 68.5834249631788
3000 3 0.00999999999999952 -0.286298280000043 -0.48428796579215 -0.400717174099683 294.094116391842 15.4131497584416 16.240132797512 68.9246360326474
4000 4 0.0149999999999994 0.636930581795621 0.156048653092051 -0.0902666205649829 300.405183156627 15.3676001698463 16.2578627868082 69.2658471021159
5000 5 0.0199999999999995 1.00192283077814 -0.203031668701101 0.0415300411084973 300.405156229064 15.332697766934 16.2364424258035 69.6070581715845
6000 6 0.0249999999999995 1.28270667071604 0.00963037569986404 -0.250026353653531 308.286397715055 15.3043291800293 16.1780310558145 69.948269241053
7000 7 0.0299999999999994 1.78315668688722 0.105871117851487 0.0965374831525007 297.334872492219 15.2955038432862 16.147762412277 70.2894803105216
8000 8 0.0349999999999995 1.98816249445728 0.0788965138212261 0.281889887039869 300.46908861652 15.1693617078854 16.1997062886895 70.6306913799901
9000 9 0.0399999999999996 2.15046532205507 0.0149983455534586 0.113933299853317 301.203088148861 15.1203651340662 16.1825084060459 70.9719024494587
10000 10 0.0449999999999994 2.48391718237207 -5.00677839885969e-05 -0.180077270543367 296.792093149486 15.0808994022079 16.1472101158419 71.3131135189272
11000 11 0.0499999999999995 3.17444108930593 0.519095944148204 0.195039197656384 295.0421682745 15.0890942767703 16.117713403649 71.6543245883958
12000 12 0.0549999999999996 2.84151665786088 0.114444470132311 0.0556145915666986 295.241510446367 15.0339246683612 16.0917692258842 71.9955356578643
13000 13 0.0599999999999994 3.00502579922975 -0.443438807611396 -0.137667168972823 303.600219478486 14.9366412762598 16.1001164482593 72.3367467273329
14000 14 0.0649999999999995 3.46187684474501 -0.0913069967433233 0.502841529049192 286.829980413663 14.9204004299767 16.0709300305393 72.6779577968014
15000 15 0.0699999999999996 3.90103504140012 0.504778235919767 0.346346723902702 303.122991304462 14.9156348435763 16.0471019233411 73.01916886627
16000 16 0.0749999999999995 3.87016263108479 0.115908987686083 0.303026281176631 299.249299289184 14.8423014463475 16.0343714258311 73.3603799357385
17000 17 0.0799999999999995 3.84756978108017 -0.470375069901332 -0.0536851485627472 301.24015505376 14.8084972162048 15.9719794494794 73.7015910052071
18000 18 0.0849999999999994 4.07298085954683 -0.0725287258085521 -0.191573862588366 291.160840595093 14.832727198691 15.9012608130379 74.0428020746756
19000 19 0.0899999999999995 4.38941051627107 0.258030476227184 -0.314851653758819 292.731859729927 14.7991538700599 15.8699197031102 74.3840131441442
20000 20 0.0949999999999996 4.12564845761402 -0.196940867653092 -0.112601690814352 295.292518516323 14.666327665221 15.9308814197866 74.7252242136127
21000 21 0.0999999999999994 4.27466727665691 0.00813252479055688 -0.0822820185330015 319.151974457738 14.6394956863984 15.8973610346252 75.0664352830813
22000 22 0.104999999999999 5.24909720212603 0.162287100900663 0.229347427791245 300.762616319633 14.6072714872045 15.9135022579114 75.4076463525498
23000 23 0.109999999999999 4.5200150327483 0.281153175850732 0.432954998886441 299.762819670181 14.5403090537034 15.9063580437495 75.7488574220184
24000 24 0.114999999999999 4.29942742493209 0.12231205152925 -0.0688397217675345 298.480336627702 14.5510374793246 15.7934654310141 76.0900684914869
25000 25 0.12 3.81961705495992 0.0458335022040835 0.244730018135168 293.997603643734 14.558500889863 15.7076938964045 76.4312795609555
26000 26 0.125 3.86148446019462 0.209416802491442 -0.0752543396784029 295.46697887544 14.5810621891171 15.6184686043205 76.7724906304241
27000 27 0.129999999999999 2.99967915888871 -0.0139057736346821 -0.216585549623188 299.709792508426 14.5543939712559 15.5324163097823 77.1137016998926
28000 28 0.135 2.8273258485907 -0.379319830313552 -0.173350781990867 293.973399780632 14.4593192718469 15.5626268796457 77.4549127693612
29000 29 0.139999999999999 2.79445947258208 -0.198885423545231 0.067965341879099 311.409808501381 14.4275221386344 15.5402495085953 77.7961238388297
30000 30 0.144999999999999 3.00818110871519 0.194830677860595 0.322714106575949 296.609945215245 14.4546102229617 15.4558246787771 78.1373349082983
31000 31 0.15 2.73398362275258 0.106313655232798 0.271927459852017 294.554846065943 14.3479526486345 15.4906918656795 78.4785459777668
32000 32 0.154999999999999 2.62620279599532 0.123212719468203 0.231228048870279 299.12471104843 14.3105073706806 15.4555568094034 78.8197570472354
33000 33 0.159999999999999 2.65111783662259 0.115806300212796 -0.000174518131607339 310.650009647854 14.3043312223709 15.3873223544182 79.1609681167039
34000 34 0.165 3.27857217197999 0.466430249161244 0.417000452534654 295.649069469838 14.3175963636437 15.3548277901522 79.5021791861725
35000 35 0.169999999999999 2.84503994778114 0.00517640005671137 0.222600627359521 302.663934252241 14.2906786681061 15.2891718854641 79.843390255641
36000 36 0.174999999999999 2.76906598173785 0.382717963592949 0.136797494178947 297.632131945371 14.3011457608551 15.2141508235582 80.1846013251096
37000 37 0.18 2.40440505120202 0.0413215459891775 -0.0151555214635832 299.427478279008 14.2719861920004 15.1622567320036 80.5258123945781
38000 38 0.184999999999999 2.72297184524395 -0.273671201298175 -0.298229151669682 298.723382737635 14.220494497127 15.1379988934436 80.8670234640467
39000 39 0.19 2.54765238569827 -0.255327716245914 -0.311783004011372 309.75013399058 14.209449081721 15.0902064748279 81.2082345335152
40000 40 0.194999999999999 2.62023628833747 0.0298222795412851 -0.206542137943772 293.075711660384 14.1953083414559 15.0679425429008 81.5494456029838
41000 41 0.199999999999999 3.0648807324373 0.0720070897283347 0.0241593183305749 294.186312175876 14.1915246131975 15.0144155115912 81.8906566724523
42000 42 0.205 1.97907666209252 -0.251659226170476 -0.56901912564052 282.650132073183 14.1696002860325 14.9218154688887 82.2318677419209
43000 43 0.209999999999999 2.27347031609135 -0.035209639815156 -0.288503463030161 301.691935241683 14.1705129969592 14.876370898336 82.5730788113894
44000 44 0.214999999999999 2.24590264566507 0.026435301608615 -0.0542087931042264 303.169717586142 14.1578221739782 14.8440124392227 82.914289880858
45000 45 0.219999999999999 2.34400691982284 0.528930590216115 0.0116199277102766 311.395073559951 14.2046892991495 14.7551055524075 83.2555009503265
46000 46 0.224999999999999 2.57829218830799 -0.0182735882605011 0.0916883685296356 295.836733753795 14.1571364276699 14.7317917332814 83.5967120197951
47000 47 0.229999999999999 2.3962829533484 0.391107945550185 0.1699974977859 299.02418871903 14.0737222111451 14.7665049415464 83.9379230892636
48000 48 0.235 1.94277520075912 0.00330921352139488 -0.528310004445671 303.280126659191 14.0284309872568 14.7215965022615 84.2791341587322
49000 49 0.239999999999999 1.90288692782025 -0.137733529168408 -0.434837828720338 306.516663444433 14.01495012752 14.6662104905249 84.6203452282007
50000 50 0.244999999999999 1.72368052957028 -0.364018636161855 -0.202326147731633 300.97755132085 13.9563428946837 14.6787241429341 84.9615562976693
51000 51 0.249999999999999 2.38581148877535 0.103775207874317 0.0535555555424192 293.847874515409 13.9797346776633 14.6338207404898 85.3027673671378
52000 52 0.254999999999999 2.70166992477771 0.020290668534606 0.152216886079055 314.120160685959 13.9544216646943 14.6024050675663 85.6439784366064
53000 53 0.26 2.70695973362211 -0.0181916687658823 0.233026364321131 308.737425736119 13.938423096688 14.5599923450737 85.9851895060749
54000 54 0.264999999999999 3.12032971584339 0.171018233678917 0.416223992932172 303.097122146319 13.9801233416093 14.4948471703399 86.3264005755435
55000 55 0.269999999999999 2.71365554093349 -0.183956514825442 -0.0188526957048958 299.269491102633 13.8960693355797 14.4957126535928 86.667611645012
56000 56 0.274999999999999 2.31663316084264 -0.25342424949172 -0.182609393887711 293.243882519655 13.8928962708345 14.4165231084097 87.0088227144806
57000 57 0.279999999999999 2.49729490662557 -0.0734694637196351 0.189676989638878 307.323199537771 13.8718876623143 14.4107712322824 87.3500337839491
58000 58 0.284999999999999 2.49849446361474 0.216893299601426 0.444040556060235 312.684943265468 13.8579779548137 14.3684257108327 87.6912448534177
59000 59 0.29 2.53454230314066 0.0312463551026468 0.049859625498117 303.783652601741 13.863819271392 14.2988138642208 88.0324559228863
60000 60 0.294999999999999 2.3334492288549 -0.0889132326224403 -0.162312168326494 307.464600099363 13.8355856696933 14.251235309827 88.3736669923548
61000 61 0.299999999999999 2.78739921717792 0.211205592046848 0.161608216789295 291.443215727907 13.8275303555186 14.2310392070673 88.7148780618233
62000 62 0.304999999999999 2.87350418111828 0.410560960556488 0.342153832316027 285.583327659027 13.8137663924139 14.2025072920286 89.0560891312919
63000 63 0.309999999999999 2.9061790633102 0.273306867942403 0.11842047501658 290.587855109 13.7955487888399 14.1517628533206 89.3973002007605
64000 64 0.315 2.56343180202209 0.145251025957561 -0.00881754033791744 299.360496443157 13.7849857155888 14.1003268578093 89.738511270229
65000 65 0.319999999999999 2.62055387314236 -0.0212660934924493 -0.13673595047159 305.796215835165 13.7118068453576 14.1088701111536 90.0797223396976
66000 66 0.324999999999999 2.57568093615346 -0.0561934418302216 -0.252879486694688 301.132501137224 13.6747881687964 14.092574565728 90.4209334091661
67000 67 0.329999999999999 2.93528367621839 0.028195299682937 -0.0655318787355378 304.098941205129 13.6217746208204 14.1163426323093 90.7621444786347
68000 68 0.334999999999999 3.15707984353091 0.181431626500764 0.307387049099797 296.794674053474 13.6129020834371 14.0891521946877 91.1033555481032
69000 69 0.339999999999999 3.05648907079665 -0.0510914529457734 -0.130519005068117 297.459645947029 13.5508683076648 14.077349668466 91.4445666175718
70000 70 0.345 2.71687744963164 0.0970117390631607 -0.133526477467125 294.694110863009 13.4925159189682 14.0774658626585 91.7857776870403
71000 71 0.349999999999999 2.98155935147724 0.290007595383493 0.459397479906225 302.982501278077 13.4592757523028 14.0894881842128 92.1269887565089
72000 72 0.354999999999999 2.77591817641614 0.195552773884399 0.228818857323653 291.62952574834 13.3774647461113 14.1024141794071 92.4681998259774
73000 73 0.359999999999999 2.90854962607367 -0.188872808202512 0.379114752809734 306.082456759537 13.3339640057073 14.1132207057536 92.809410895446
74000 74 0.364999999999999 2.85923836797553 0.289851518445944 0.267733952129994 297.466950457452 13.361611639874 14.0513371224816 93.1506219649145
75000 75 0.369999999999999 2.62172497949018 -0.0513301769933077 -0.377193635697282 294.741411218244 13.3767327181219 13.9618255423012 93.4918330343831
76000 76 0.374999999999999 3.40355982860547 0.398424144329914 0.310798125509925 299.609907880007 13.3157588586782 14.0172802546578 93.8330441038516
77000 77 0.379999999999999 3.42168278099854 0.308199619938265 0.352215529391888 291.81907202513 13.2796116280556 13.9938744528442 94.1742551733202
78000 78 0.384999999999999 2.95032311798506 -0.0702536951845798 0.0608018482154592 288.859432337283 13.2553701670018 13.9480086080926 94.5154662427887
79000 79 0.389999999999999 2.4461140483937 -0.0754841838928285 -0.246132855644816 301.036431141817 13.3075213394928 13.8154134087048 94.8566773122573
80000 80 0.394999999999999 2.53089300238516 0.312607230641251 0.26161741226116 291.164133171753 13.2413307739703 13.862862952355 95.1978883817258
81000 81 0.4 2.67408976702013 0.416878636026122 0.174287420878904 296.109675438964 13.2368785457437 13.8218842796077 95.5390994511944
82000 82 0.404999999999999 2.80763099195479 -0.00334581383267436 0.0133502287116446 304.905541992254 13.2098466728685 13.7946310034471 95.8803105206629
83000 83 0.409999999999999 2.85389378900289 -0.453542154079774 0.02151181536492 310.704385013 13.1494930560318 13.7972290031478 96.2215215901315
84000 84 0.414999999999999 2.62882211846163 -0.786841175581809 -0.541041510399712 295.159328503238 13.1037045732093 13.7682811983941 96.5627326596
85000 85 0.419999999999999 3.1917293888508 -0.242358322664354 -0.209883952861485 309.482490720257 13.1265300137341 13.7511087983251 96.9039437290686
86000 86 0.424999999999999 3.01689109066121 -0.621024224722974 -0.460460697593046 308.168408963774 13.0597740601203 13.7477151428518 97.2451547985371
87000 87 0.429999999999999 3.01042613157046 -0.00765042452356215 -0.239503457525212 289.691668724413 13.0706134635257 13.7039119403521 97.5863658680057
88000 88 0.434999999999999 3.15565574013517 0.0718189181847121 -0.0702629295248503 309.434731322335 13.081274037115 13.6582889899935 97.9275769374742
89000 89 0.439999999999999 3.20930468032099 -0.00897155711191305 0.225017313546119 299.240281492731 13.0099433326836 13.7005823688525 98.2687880069428
90000 90 0.444999999999999 2.91031380495653 -0.0680278312869337 -0.100224189305883 294.838085762071 12.9665586445295 13.6791709061432 98.6099990764113
91000 91 0.449999999999999 3.50085070054817 0.240306151428675 0.38993103698722 302.690446758278 12.9660046888498 13.6603404051652 98.9512101458799
92000 92 0.455 3.13555731260322 -0.0474550124195821 -0.0266987872158401 317.390109671611 12.9409791758855 13.6044087220507 99.2924212153485
93000 93 0.459999999999999 2.84920223746807 -0.312780099794654 -0.259010216191632 300.724841185613 12.8401400750383 13.6445100522094 99.633632284817
94000 94 0.464999999999999 3.04891891662084 -0.151042326995854 -0.023982593734722 282.33214459286 12.8720152700598 13.5872568969208 99.9748433542856
95000 95 0.469999999999999 3.06715383225299 0.117485955228386 -0.225935783876464 310.601782962209 12.8593454435977 13.5544706496893 100.316054423754
96000 96 0.474999999999999 3.12519358489202 -0.171146388087221 -0.148876660672031 294.940590337225 12.7783902848475 13.5775383409766 100.657265493223
97000 97 0.479999999999999 3.03370283795174 -0.58977865335807 -1.04510970390054 303.33591547775 12.7960959889335 13.4793332717811 100.998476562691
98000 98 0.484999999999999 3.36408823687914 -0.266745511985318 -0.0334347260455518 305.670147618683 12.7570018268121 13.526396955758 101.33968763216
99000 99 0.489999999999999 3.54480180842476 -0.142286973493304 0.198326411465103 307.078392892379 12.7463949390127 13.509030285873 101.680898701628
100000 100 0.494999999999999 3.60659689721195 0.0282054861424334 -0.0139788223173879 307.645738022062 12.740013811025 13.4647847614323 102.022109771097
101000 101 0.499999999999999 4.02319850237797 0.0804666569978189 -0.189695076311908 297.654698781252 12.7484756649032 13.4206610525736 102.363320840565
