step time_ps strain stress_z_GPa stress_x_GPa stress_y_GPa temp_K lx_A ly_A lz_A
1000 1 7.77526833731198e-16 -0.274082020258816 -0.0354628579341585 -0.411015395102636 921.661979865352 22.9601818915434 9.05422672169298 36.5539917047156
2000 2 0.00500000000000061 0.013862208547028 -0.705509010938865 -0.821690449210774 978.109687801661 22.7613597053466 9.10787409944034 36.7367616632392
3000 3 0.0100000000000006 0.907943105088621 0.358664082925923 0.251758935690437 956.34473870415 22.6368971654524 9.15928675486364 36.9195316217628
4000 4 0.0150000000000007 0.760183221810794 0.143346293896555 0.319988063979329 1027.76990722348 22.1880409004022 9.24745533905768 37.1023015802864
5000 5 0.0200000000000007 0.958885025734568 0.0275486401730212 -0.0893951925350139 1039.32920941042 22.3272002093606 9.1499436944821 37.2850715388099
6000 6 0.0250000000000007 0.474023891063851 -0.775637827734102 -1.08392166025219 1005.27091291205 22.3729638246894 9.07048684867714 37.4678414973335
7000 7 0.0300000000000008 0.796990151977885 -0.227957566704467 -0.729383908851564 1059.00924479399 22.3476116022336 9.08378518196226 37.6506114558571
8000 8 0.0350000000000008 1.90501210261656 0.0462977709836951 -0.00257013173962455 1059.1054076602 22.0265568440759 9.18304376482443 37.8333814143807
9000 9 0.0400000000000006 2.06322450923399 0.607599847245444 0.829968842562047 990.18789203805 22.0120376804028 9.2194533987502 38.0161513729042
10000 10 0.0450000000000007 1.05609433156002 -0.903420516161959 -1.92500986813793 1057.04729999831 22.032248390038 9.05370236487801 38.1989213314278
11000 11 0.0500000000000007 0.765540198487855 0.370559452210743 -0.907301376424082 980.556419556161 22.0435950390332 9.0782429413978 38.3816912899514
12000 12 0.0550000000000007 0.833482224715414 -0.0249112776272213 -0.41054222435459 963.614326287179 21.9930121580716 9.10046367444918 38.564461248475
13000 13 0.0600000000000008 2.37014718545867 0.349503694615904 0.815667527588641 962.373381373002 22.0047679905056 9.10685675903336 38.7472312069986
14000 14 0.0650000000000008 1.80091099812276 0.261225745557874 -0.0116411255485347 949.968679646599 21.8861455898337 9.10321062882699 38.9300011655221
15000 15 0.0700000000000008 1.25698120371828 0.0743178261608275 0.013724195876774 976.485334252145 21.7573098770898 9.0941298099915 39.1127711240457
16000 16 0.0750000000000007 0.881188457795269 -0.488963050827059 -0.885472116037518 1050.71758484545 22.0700153726685 8.95699010752701 39.2955410825693
17000 17 0.0800000000000007 0.416219656407037 -0.188941671200049 -0.854269491649107 996.712879407435 22.2090974739504 8.85952376407438 39.4783110410929
18000 18 0.0850000000000007 0.799131782617887 -0.474478617650101 -0.297996890704947 967.053951566027 21.7297799789463 9.00129830335557 39.6610809996165
19000 19 0.0900000000000008 0.216345231608152 -0.868235806758948 -0.61672329016252 1000.77005713049 21.4861935072228 9.03005734973376 39.84385095814
20000 20 0.0950000000000008 1.17256906690805 -0.510750681482652 -0.359138328385683 986.874010478717 21.5155466032133 9.00836970887798 40.0266209166636
21000 21 0.100000000000001 0.824148886037711 0.352683759198605 -0.165522126509653 1043.88477275587 21.5400102685881 8.99487812760776 40.2093908751872
22000 22 0.105000000000001 1.35902673471786 -0.329689046017028 0.12687496486223 965.796912467383 21.4985227001103 8.98290328103961 40.3921608337108
23000 23 0.110000000000001 1.30594141544458 -0.384438094412657 0.204497577129162 924.120816299429 21.4214294074367 8.98027051557282 40.5749307922343
24000 24 0.115000000000001 0.220105971748232 -1.28780748043491 -0.629291451968517 1064.59702152415 21.3291027657074 8.92132168849695 40.7577007507579
25000 25 0.120000000000001 1.48662457574664 -0.299124606158377 -0.455274098946583 965.452642420985 21.3219442577431 8.91248994880832 40.9404707092815
26000 26 0.125000000000001 1.19843816344512 -0.0494152002383854 -0.415034097173102 999.321262240102 21.5167878849104 8.86094557471272 41.1232406678051
27000 27 0.130000000000001 0.461677628737046 -0.72158921326566 0.0012175417303404 1069.65451270781 21.1763437664412 8.92942514112987 41.3060106263287
28000 28 0.135000000000001 1.23052814626404 0.539878640984298 0.158913146779587 1073.33892832054 21.294279331403 8.87563329113711 41.4887805848522
29000 29 0.140000000000001 0.0973893311316014 -0.361814795726312 -0.519759944136288 1006.43695547425 21.1027243619479 8.82247247268118 41.6715505433758
30000 30 0.145000000000001 0.848627997787889 0.0878338953695654 -0.0551994878165933 1038.84842764147 21.2675000396865 8.82133052099949 41.8543205018994
31000 31 0.150000000000001 1.10102553210235 -0.0295145182183686 -0.0529833408751224 948.998525072973 21.1008759675074 8.83005061634836 42.037090460423
32000 32 0.155000000000001 1.58941004369383 -0.222983628395517 0.553072232780198 1016.91675030435 21.1452223872349 8.82878323928237 42.2198604189465
33000 33 0.160000000000001 1.91716737710518 0.407694943214523 0.0885154036452921 1077.09268916489 20.9875299312015 8.85449802966293 42.4026303774701
34000 34 0.165000000000001 1.04851768075525 0.00890591274093012 0.431109599541036 1008.74442393799 20.9100184279338 8.84882987403263 42.5854003359937
35000 35 0.170000000000001 0.892833717632128 0.103346810817282 0.352678272498322 962.121251554174 21.0572058254905 8.75469643733421 42.7681702945173
36000 36 0.175000000000001 1.68384559625126 0.361482191488274 0.479072617661902 966.497797566275 20.9180107641482 8.77327225386024 42.9509402530409
37000 37 0.180000000000001 2.20732256636195 0.228227185517821 -0.0585468641007478 991.418122523528 21.0140918568185 8.70661547976595 43.1337102115644
38000 38 0.185000000000001 1.10735357570935 -0.535161433654298 -0.92042459580807 1024.7580402404 20.900969769997 8.67529505117792 43.316480170088
39000 39 0.190000000000001 1.48233828358738 -0.775416671380919 -0.606722414652582 939.556227544287 20.7648224798916 8.68818086719435 43.4992501286116
40000 40 0.195000000000001 2.37587612648194 -0.21180069842266 -0.439885521368954 1011.54758628609 20.8587176770691 8.64494561230041 43.6820200871352
41000 41 0.200000000000001 2.79646626935978 1.1479787108073 0.215141671522643 1047.54909202014 21.0379742400254 8.60291593410088 43.8647900456588
42000 42 0.205000000000001 2.21205778606211 0.0902737905032456 -0.582278816795566 986.672490010115 20.7825628809456 8.62264019637321 44.0475600041823
43000 43 0.210000000000001 3.16851787088921 0.188711980944458 -0.130734732174056 1030.41382124549 20.8673066157084 8.59087793964461 44.2303299627059
44000 44 0.215000000000001 3.14172576594235 -0.4748154712077 -0.0649645578714762 999.928262519039 20.6891901410273 8.62431013653676 44.4130999212295
45000 45 0.220000000000001 3.52443513099101 -0.293080393992476 -0.0708167698439167 1019.77695358216 20.7405746068245 8.60562661355112 44.5958698797531
46000 46 0.225000000000001 3.21064716452767 0.169618235236061 0.175386562914879 975.069241772909 20.6578018471987 8.58005597067668 44.7786398382766
47000 47 0.230000000000001 3.14827301366544 0.184717063723578 0.15456290924972 997.82817751451 20.5419829515887 8.61220719689269 44.9614097968002
48000 48 0.235000000000001 2.99310755834677 0.612713425654442 0.083076009988173 936.280098526297 20.5107172440811 8.57803862957139 45.1441797553238
49000 49 0.240000000000001 2.1122508006358 -1.23493924015932 -0.468079364973032 1099.13724075213 20.2414883922524 8.59659046387655 45.3269497138474
50000 50 0.245000000000001 2.60979499572589 0.483249502885615 -0.309589117888192 937.469957196177 20.403130860705 8.53111038804344 45.5097196723709
51000 51 0.250000000000001 1.97584100353599 -0.753590177835793 -0.287975791235943 956.245107802897 20.2597333756236 8.54230610488311 45.6924896308945
52000 52 0.255000000000001 1.74120756858414 -0.529447836780164 -1.29089045599221 973.449368318959 20.1902102814729 8.52614513502512 45.8752595894181
53000 53 0.260000000000001 2.79557470778418 0.287985347019365 -0.292600215771186 973.545446712559 20.2998999311397 8.50861756294225 46.0580295479417
54000 54 0.265000000000001 3.55417318290348 0.638780282560857 0.92230868927656 1010.90245378868 20.2054483083969 8.55246996917721 46.2407995064653
55000 55 0.270000000000001 3.31218699167828 0.139210442069947 -0.801223693689952 1038.35018461297 20.263805410686 8.45203708623881 46.4235694649888
56000 56 0.275000000000001 2.77439948200565 0.101633066324022 0.807896477084563 972.068310554531 19.931479320383 8.54672559883483 46.6063394235124
57000 57 0.280000000000001 3.89010607599682 0.189944002283619 -0.139746747902702 1049.37188499418 20.1457308233707 8.44292210717948 46.789109382036
58000 58 0.285000000000001 3.74236372307609 0.0412950112600577 -1.05769712743747 979.940578694823 20.1737321147491 8.36754231143217 46.9718793405596
59000 59 0.290000000000001 3.39220878240756 -0.123419914170422 -0.632774163545602 989.053507217848 20.2021033480334 8.34266738521091 47.1546492990832
60000 60 0.295000000000001 2.67671841149314 -1.30008646637321 -0.462798507568925 975.230049076576 19.567170981555 8.50603618284748 47.3374192576067
61000 61 0.300000000000001 3.68388646008165 -0.702039781046396 0.150765057612032 950.637365198722 19.5226066085067 8.51018882665265 47.5201892161303
62000 62 0.305000000000001 2.8997531553959 0.0255505945510503 0.748457039357907 1012.83906158976 19.5147101355151 8.50979813612165 47.7029591746539
63000 63 0.310000000000001 3.01430769832005 0.201043614406298 -0.355406629497449 990.957630033892 19.6518394848936 8.42477945416658 47.8857291331775
64000 64 0.315000000000001 4.22170988520019 0.7391894320409 0.230072000610424 962.081091095061 19.7347745521097 8.38491557952194 48.068499091701
65000 65 0.320000000000001 3.0994088491068 -0.15955895419004 0.0824652888798931 1016.87544294242 19.472647460298 8.41555034766058 48.2512690502246
66000 66 0.325000000000001 1.4394399448573 -0.999538490493963 -0.388947230731512 983.415227804386 19.3343590867131 8.39177973546736 48.4340390087482
67000 67 0.330000000000001 2.33950867217026 -0.0218655817505672 0.133035229766921 1028.66289034572 19.3042246283556 8.41806801389725 48.6168089672718
68000 68 0.335000000000001 3.85550621262178 1.27136022166376 0.883384000418229 1014.55410953311 19.4073851193575 8.42509284842292 48.7995789257954
69000 69 0.340000000000001 3.63685541670655 1.14918578619286 0.774115011505434 956.564486826786 19.1487289129933 8.50656652783615 48.9823488843189
70000 70 0.345000000000001 2.81613723216207 -0.645330150792632 -0.738353540781445 1066.34249685002 19.0315052146931 8.4131924927384 49.1651188428425
71000 71 0.350000000000001 2.46703900063435 0.259923905940787 -0.0689426875845156 989.775410858223 19.0734522547428 8.42195552163884 49.3478888013661
72000 72 0.355000000000001 3.15135032017614 0.124497089599199 0.287576276974 959.853983776539 19.0046849121253 8.41459970048095 49.5306587598897
73000 73 0.360000000000001 3.77354693905708 0.521612864900542 -0.10246975334283 1065.90066580982 19.1387054233219 8.37909745199181 49.7134287184132
74000 74 0.365000000000001 2.73172826175583 0.583844835974834 0.750026720135109 1006.04175058918 19.009148652618 8.39622874489146 49.8961986769368
75000 75 0.370000000000001 2.95404205488361 0.27972095209728 0.396130328319154 1035.23119197 18.8512329784489 8.43889966466596 50.0789686354604
76000 76 0.375000000000001 2.49914660856206 0.843953954200242 -0.131263567234653 1010.80127321376 19.022596094119 8.33101491641871 50.261738593984
77000 77 0.380000000000001 3.07975893845968 -0.625938698100892 0.717827267041656 996.340279915189 18.6581410662042 8.46299060233857 50.4445085525076
78000 78 0.385000000000001 3.35781880303485 0.591774762161401 -0.573885010101813 1042.74391371043 18.8967189405962 8.25956299417071 50.6272785110311
79000 79 0.390000000000001 3.12267050154476 -0.120912875220477 -0.667864916269729 946.905090653487 18.7735820011781 8.30754899596228 50.8100484695547
80000 80 0.395000000000001 2.7284663388407 0.140635868723097 0.017054855210666 1031.21184275848 18.7634561379336 8.31887427368975 50.9928184280783
81000 81 0.400000000000001 3.09733453161859 0.529951614562537 -0.875603121228536 1040.93852045288 18.7084297417374 8.28056271230916 51.1755883866019
82000 82 0.405000000000001 2.47373196304693 -0.797723963533808 0.181043712156193 960.795809421643 18.3981975253499 8.34943682125989 51.3583583451255
83000 83 0.410000000000001 2.02175052774385 0.0905889126762835 0.356358847997788 1032.57951296071 18.4755223158811 8.30288022261615 51.541128303649
84000 84 0.415000000000001 2.06098444492057 -0.0817333884074084 0.115140582987667 1005.80056016641 18.4220726419826 8.29384805606141 51.7238982621726
85000 85 0.420000000000001 1.97591162067944 0.499917588453144 0.659646775314362 920.718361490897 18.3534356068298 8.30153533765223 51.9066682206962
86000 86 0.425000000000001 1.55021083829018 -0.0763594162488729 0.153867121111879 1075.21665820468 18.2952264217674 8.27928129164513 52.0894381792198
87000 87 0.430000000000001 1.11911494602983 -0.694195227548114 -0.879438354839093 1011.30295497266 18.1292154276625 8.27376676889755 52.2722081377433
88000 88 0.435000000000001 2.09573758590446 0.0987999684748376 0.641173766298665 1022.19584904189 18.0921530004299 8.36616971641213 52.4549780962669
89000 89 0.440000000000001 0.931776155799852 -0.250196350734827 -0.43908473797785 968.011186538006 17.9302996629726 8.33346362294147 52.6377480547905
90000 90 0.445000000000001 1.51237083710791 -0.55715004524475 0.337461967233849 992.771390134794 17.8827755355153 8.33359832100807 52.8205180133141
91000 91 0.450000000000001 2.04248089435935 0.898284873531253 0.553068931184824 996.584695503021 18.0546529723843 8.26409217010443 53.0032879718377
92000 92 0.455000000000001 1.60169292072978 -0.047149531263336 1.23634609202709 989.34134680264 17.8697712864095 8.34458131179356 53.1860579303612
93000 93 0.460000000000001 1.96131952825935 0.576798653376988 0.269110667184757 1018.77469048289 17.8172548725705 8.28052959727208 53.3688278888848
94000 94 0.465000000000001 0.85416959024174 -0.395373376587711 0.537175569375173 1072.67271109668 17.7738264392004 8.26142202295673 53.5515978474084
95000 95 0.470000000000001 1.44146426547724 -0.243895436520801 -0.763371808280937 1006.0644140023 17.7930224746895 8.22359187860343 53.734367805932
96000 96 0.475000000000001 1.2013197527241 -0.824730527844437 -0.578607544086711 1006.25133820591 17.6308937530933 8.22806391813963 53.9171377644555
97000 97 0.480000000000001 2.04362556057333 0.414389375942093 -0.0204005298379792 1035.69084463812 17.8663921217913 8.21179203914387 54.0999077229791
98000 98 0.485000000000001 2.70941987482544 0.603176604945881 0.326365442304221 1030.55606371641 17.8890989528319 8.15839623956475 54.2826776815027
99000 99 0.490000000000001 2.27362515950311 -0.149430571027521 0.242252709955513 1058.5102257771 17.6462186600711 8.22987245522821 54.4654476400263
100000 100 0.495000000000001 1.41309495749198 -0.778371584049264 -0.987302042357614 905.796007258623 17.5675235210278 8.14104012403539 54.6482175985499
101000 101 0.500000000000001 1.17091763323587 -0.165013144817757 -0.0144926397240389 996.929081451493 17.559197387039 8.14452453145768 54.8309875570734
