step time_ps strain stress_z_GPa stress_x_GPa stress_y_GPa temp_K lx_A ly_A lz_A
1000 1 -4.21109749469078e-16 1.25604084135355 4.8211643670441 6.32841978455795 614.477738433805 15.2692523724598 15.4159713655352 67.492404215854
2000 2 0.00499999999999945 -2.13465635906562 -0.249269020274366 1.52949718558297 335.658366738578 14.6007786909088 15.8871955370841 67.8298662369332
3000 3 0.00999999999999975 -2.971108294099 0.988405313167596 1.16015610534529 290.168826314686 14.5195749938305 15.8702043581639 68.1673282580125
4000 4 0.0149999999999996 -2.30255945550456 0.12521256281777 0.0332983902719028 274.778244163528 14.4932669740352 15.8441167232759 68.5047902790918
5000 5 0.0199999999999995 -2.18700340712886 -0.0755653727255958 0.167630397639412 302.559273223795 14.4734157946014 15.792807922088 68.842252300171
6000 6 0.0249999999999996 -1.54305560623689 0.439191086713387 0.0146075334813256 300.654790908974 14.4639211366684 15.7501938194343 69.1797143212503
7000 7 0.0299999999999997 -1.81537573537612 -0.00700953696363398 0.172318306166487 301.656486787418 14.4115519692034 15.7256928465399 69.5171763423296
8000 8 0.0349999999999995 -1.45993612350655 -0.0319154951269177 -0.177150235015193 294.504221738039 14.3801209438456 15.667967057951 69.8546383634089
9000 9 0.0399999999999994 -1.39354866132783 -0.201386193911584 -0.0962930282713613 293.928648560677 14.3396184033299 15.6504018117556 70.1921003844881
10000 10 0.0449999999999997 -0.9132769596414 0.519853704751796 0.246044691479927 310.541830819709 14.3217756964062 15.626599624316 70.5295624055674
11000 11 0.0499999999999996 -0.881323496673328 -0.00751144716219213 -0.0338800783308838 306.513068565169 14.2307218938762 15.6249143094569 70.8670244266467
12000 12 0.0549999999999994 -0.57843694880838 -0.313318404520429 0.0711739928791497 299.28607082292 14.173450369924 15.6123938757757 71.2044864477259
13000 13 0.0599999999999997 -0.0635114919476121 0.132736393582533 0.0298687586105755 301.738938750088 14.1686133807551 15.5735421980288 71.5419484688052
14000 14 0.0649999999999996 -0.124231700783047 0.0275677440062084 -0.0619552786153715 306.353067323371 14.1221871244549 15.5490676228271 71.8794104898845
15000 15 0.0699999999999995 0.355524046435872 -0.215944472765723 -0.447189555100092 300.225265758589 14.1091267973098 15.4939051290142 72.2168725109637
16000 16 0.0749999999999996 1.00603354921046 -0.211007323839453 -0.0752653377439558 296.880523552543 14.0319334941937 15.5265954301843 72.554334532043
17000 17 0.0799999999999996 1.68239872192428 0.327972465541449 -0.198327436774789 291.166175722922 14.0585533877128 15.4490723719912 72.8917965531223
18000 18 0.0849999999999995 1.79324649749355 -0.0238474726509463 -0.277827745958693 303.301995821006 14.0016899899336 15.4466317354207 73.2292585742016
19000 19 0.0899999999999994 2.46722563735235 0.242848500735488 0.1956334352895 302.34975591999 13.9732102739274 15.4400619486056 73.5667205952808
20000 20 0.0949999999999997 2.66068884529262 0.0130291546786019 -0.245162364932975 293.663328835405 13.9197203836323 15.4094486384354 73.9041826163601
21000 21 0.0999999999999996 2.75148452091249 -0.114750936359048 -0.396380024317378 304.612035456993 13.88774415521 15.3777210153586 74.2416446374394
22000 22 0.104999999999999 3.40374143157985 -0.415910368447624 -0.0894765160956851 295.819587363834 13.8249094416294 15.3851749840497 74.5791066585186
23000 23 0.11 3.78925224765735 -0.314199134437189 0.390602609861553 299.853398759774 13.7813945907534 15.3858265610405 74.9165686795979
24000 24 0.115 4.29981658904701 0.411769810166251 0.254511919292358 325.185524113781 13.8040028242784 15.3188710686218 75.2540307006772
25000 25 0.119999999999999 4.15186638348255 -0.202862458483454 -0.32216771941998 300.869765753379 13.7435788272767 15.2855323582696 75.5914927217564
26000 26 0.124999999999999 4.83537140810834 -0.215150323990766 0.0506254418131134 289.485137600053 13.6912827069567 15.3082799782959 75.9289547428357
27000 27 0.13 5.25224136352221 0.103841047776889 0.638728965489937 291.013322701251 13.7134064212754 15.2648455770256 76.266416763915
28000 28 0.135 5.387754347873 0.450978233721769 0.0965460000825699 297.255061361439 13.6906070074122 15.2155470597315 76.6038787849943
29000 29 0.139999999999999 5.60989814034293 0.661329554125309 0.14484233491158 296.79395737802 13.6379608421964 15.2200756244895 76.9413408060735
30000 30 0.145 5.29349988417415 -0.173700356005938 -0.0369658893302074 304.328978023396 13.583145734714 15.2066264871395 77.2788028271528
31000 31 0.15 5.70665989817379 -0.70519361865558 0.0676811034675196 303.850955488548 13.5110445317343 15.2082784489722 77.6162648482321
32000 32 0.154999999999999 6.14059855921808 -0.0521416189299767 0.0838516118252537 320.015777303426 13.4955915631582 15.1915967777742 77.9537268693113
33000 33 0.16 5.97940572932673 -0.107268384213558 -0.416010299767204 304.807509650204 13.507971158462 15.1184751563319 78.2911888903906
34000 34 0.165 5.73472836763893 -0.30000951808942 -0.325045394273397 300.758131387301 13.4428532664319 15.1241088134686 78.6286509114699
35000 35 0.169999999999999 6.55128491819413 0.576106178307623 0.307630441408465 283.927858426067 13.4584000782171 15.0887857471882 78.9661129325491
36000 36 0.175 6.05040881187257 0.0467729554710877 0.0217850748371036 299.333321651517 13.3980102114912 15.0749770073197 79.3035749536284
37000 37 0.18 6.30397308229612 0.223912794236514 0.0661509687573616 313.379268894803 13.3367252479109 15.1013164617297 79.6410369747077
38000 38 0.184999999999999 6.23342960320332 0.737171551290184 0.49117501968583 290.835183399998 13.3415044009151 15.0694100541855 79.9784989957869
39000 39 0.189999999999999 6.16132830718615 0.259574594963639 0.0438630404349236 308.124564360373 13.2664207759096 15.0650035207787 80.3159610168662
40000 40 0.195 5.25893331632683 0.0373156553333018 -0.0860669933367886 302.926926688992 13.2265595035332 15.0171464506988 80.6534230379455
41000 41 0.2 4.81716203736203 -0.123046948797379 -0.0696075978875779 290.251476522469 13.1834331716058 14.9832694436528 80.9908850590248
42000 42 0.204999999999999 3.49432038763235 -0.263503696461929 -0.634324226031544 293.32501619926 13.1184015029667 14.9371919321593 81.328347080104
43000 43 0.209999999999999 3.53130018838087 0.0581358361587367 0.241942918819818 305.508974819103 13.0922654680856 14.9355910294792 81.6658091011833
44000 44 0.215 2.73726597323839 -0.380814247890422 0.153154692177544 296.140605511928 12.9570634477445 14.9841296189558 82.0032711222626
45000 45 0.219999999999999 2.00522796845273 -0.352264992380602 -0.0739474810529489 301.921682173194 12.9092800256679 14.9450045100288 82.3407331433418
46000 46 0.224999999999999 1.88485694008618 -0.336890142286935 -0.493251614078183 295.258098520265 12.8632170326085 14.9321565493718 82.6781951644211
47000 47 0.23 2.16741743730653 0.0688910634498294 -0.206717472645663 294.253654094377 12.716117225192 15.0588175549689 83.0156571855004
48000 48 0.234999999999999 2.3439823336283 0.0628083393599099 0.491969632880029 303.515590330853 12.7114017284547 15.02999134392 83.3531192065796
49000 49 0.239999999999999 2.61681277670828 0.119605498721671 -0.152504557146147 291.826202703794 12.6910019909883 14.9806200881876 83.6905812276589
50000 50 0.245 2.37244787194576 0.105356835615148 0.0426181535178439 308.776532335971 12.6270234634519 14.9927004344968 84.0280432487382
51000 51 0.25 2.36754275824027 -0.0482900848569141 -0.0427098325858307 302.55494723241 12.5761320047642 14.9954866928874 84.3655052698175
52000 52 0.254999999999999 2.73330974384909 0.475900332983726 0.226402708691314 286.991135043379 12.5726232237991 14.9615294087161 84.7029672908967
53000 53 0.26 3.03876940161006 0.464458095851203 0.182807564009295 299.668516585149 12.5470798506187 14.9509830130778 85.040429311976
54000 54 0.265 2.78241143545923 0.116230975163151 0.142764709590782 304.131344352232 12.5341223470254 14.9040498141094 85.3778913330553
55000 55 0.269999999999999 2.79680200736755 -0.0810467827102796 0.289178687352862 300.164662115958 12.509111849986 14.8696344666572 85.7153533541345
56000 56 0.275 2.56036672820643 0.0373571854008381 0.26556014473846 297.591412174325 12.4877201784831 14.8296732909261 86.0528153752138
57000 57 0.28 2.70192756775856 0.287142452898756 0.193836040510836 303.90842305363 12.4882400616497 14.7689849980775 86.3902773962931
58000 58 0.284999999999999 2.66802193023684 0.427990069062935 0.0964273157936227 299.888267647021 12.4631830806987 14.7420324180841 86.7277394173723
59000 59 0.289999999999999 2.28526489508335 0.215876399885182 0.282111042113274 307.013951941767 12.3852797699925 14.757229454432 87.0652014384516
60000 60 0.294999999999999 2.30499623453266 0.146670512452572 -0.185143333843078 298.05435350366 12.3085457177877 14.7712474411306 87.4026634595309
61000 61 0.299999999999999 2.45280285595122 0.0419125775468397 -0.105655982708444 311.652639960555 12.2811599827942 14.7576253298462 87.7401254806102
62000 62 0.304999999999999 2.70515210984825 -0.203370054247927 -0.0775468452602146 304.041727451613 12.237376909392 14.7497225870166 88.0775875016894
63000 63 0.309999999999999 3.15392908624561 0.0447078427862425 0.296664056694982 308.153427546532 12.1902986455518 14.7651262060301 88.4150495227687
64000 64 0.315 3.31524077285 0.362706927381303 -0.150167093066245 291.683311219514 12.1931639404743 14.7089434698624 88.752511543848
65000 65 0.319999999999999 2.62735829078316 0.20224099789091 -0.117189679642727 308.920102090088 12.1283328685818 14.7224743774915 89.0899735649272
66000 66 0.324999999999999 2.70201751587589 -0.0345419401815537 -0.428042719886617 304.200244082724 12.1162638878774 14.6704597296315 89.4274355860065
67000 67 0.33 2.89026359314001 -0.302279550894778 0.0277456723505292 306.334600252367 12.0570860699105 14.6885185315054 89.7648976070858
68000 68 0.334999999999999 2.8940131503362 -0.580181597316802 -0.102152073889129 290.651584063891 11.9893477664886 14.7093472161295 90.102359628165
69000 69 0.34 3.00085214162121 -0.273628608805895 -0.273144712239743 287.635934762122 11.9956870945027 14.6614885424319 90.4398216492443
70000 70 0.344999999999999 3.10656710724663 -0.209598896857658 0.0886614499307553 296.988079237293 11.9413719871081 14.6902520634846 90.7772836703236
71000 71 0.349999999999999 3.08521614375061 -0.0475327809309989 -0.187420000065958 307.235591209573 11.9739901642387 14.5801547993751 91.1147456914029
72000 72 0.354999999999999 3.37686840016846 0.0827878643486053 0.351705433783049 293.94879830475 11.9440880762646 14.5883339948857 91.4522077124821
73000 73 0.359999999999999 3.16384544572123 -0.141647524192397 -0.375253202596922 294.238334354785 11.9240424002087 14.532213595358 91.7896697335614
74000 74 0.365 3.15836973257102 -0.121544254130307 -0.33272600739627 302.240503379023 11.9005089649613 14.5187369100354 92.1271317546407
75000 75 0.369999999999999 3.409997909558 -0.0452557336833627 -0.190680495468693 300.533242713066 11.8642919017124 14.51587863905 92.4645937757199
76000 76 0.375 3.61220564959005 -0.00438330437612556 0.236999791090516 298.906618440494 11.8133402293788 14.5336416024667 92.8020557967992
77000 77 0.38 3.48342974294202 -0.691119034062807 -0.181313629749231 294.513741379104 11.7932590288899 14.5025598137691 93.1395178178785
78000 78 0.384999999999999 3.99689107642531 0.181422672196952 -0.0496262168237301 309.641252996082 11.8343202548791 14.4301323574683 93.4769798389577
79000 79 0.389999999999999 3.80522526593027 -0.227984219704937 -0.264546283283791 296.260567657884 11.7843856408681 14.4089063129629 93.814441860037
80000 80 0.394999999999999 3.70238844928672 -0.452865657338743 -0.849392751744143 315.5482159696 11.7862398314559 14.3413506204758 94.1519038811163
81000 81 0.399999999999999 3.84405685109043 0.0774581127875785 0.0221049136060517 291.62812902074 11.7815320336901 14.3279272659805 94.4893659021956
82000 82 0.404999999999999 4.11937640058366 0.107984612954446 -0.0194601185669695 293.778217936184 11.761145571833 14.3184471035541 94.8268279232748
83000 83 0.409999999999999 3.54606208608261 0.582607317618122 0.0671497158383197 285.463237958235 11.7559915488834 14.2693801322733 95.1642899443541
84000 84 0.415 3.27916897946091 -0.0320972467639924 -0.409847212553784 291.033634224004 11.7176697869409 14.2432133754941 95.5017519654334
85000 85 0.419999999999999 3.05654117075855 -0.458859826770731 -0.20666686467508 306.481546281356 11.6704807454619 14.2387747053029 95.8392139865126
86000 86 0.424999999999999 2.72568182364488 -0.29528732575821 -0.134057934554053 313.642563608587 11.6436208794961 14.2227846320713 96.1766760075919
87000 87 0.429999999999999 2.69502839086301 -0.470581646906502 -0.221732228446073 308.677590796256 11.599374641902 14.2151954423501 96.5141380286712
88000 88 0.434999999999999 2.92018669305478 -0.231716607161966 -0.141430449488569 290.89697673626 11.5860207732893 14.191918926012 96.8516000497504
89000 89 0.439999999999999 2.88700903958265 -0.362099641742357 -0.386164268072539 291.266905407981 11.5793213500041 14.1338121194898 97.1890620708297
90000 90 0.444999999999999 3.28086210489188 0.0295926143409525 0.0662854554186963 299.118083426413 11.5906055665944 14.0918812156189 97.526524091909
91000 91 0.45 5.24432566206719 2.20389035804752 2.07127370282213 373.182692357845 11.5788451954287 14.0922304015704 97.8639861129883
92000 92 0.454999999999999 3.07245109744222 0.0399240549587247 0.0281584320794654 312.010908649443 11.6121289955542 13.983861315926 98.2014481340675
93000 93 0.459999999999999 2.92280749755787 0.0700053368816431 0.0725791701383915 283.446898144731 11.5403599747242 13.9955267942366 98.5389101551468
94000 94 0.465 2.90398416061316 0.114958866926847 0.0436301579403029 293.053625620766 11.5087777827013 14.0000773947949 98.8763721762261
95000 95 0.469999999999999 2.84818373783765 0.315161425125055 0.175524451155129 286.577338138526 11.4845902980695 13.9899926966382 99.2138341973053
96000 96 0.474999999999999 2.64376976169405 -0.155900386793431 0.120695519171284 309.38059158453 11.4457399045831 13.9672633948968 99.5512962183846
97000 97 0.479999999999999 2.6208038335892 0.283914373750419 -0.158803033706875 298.557101501592 11.468115609735 13.8908101643253 99.8887582394639
98000 98 0.484999999999999 2.4931644965308 0.347882528221146 0.089168002367088 288.56151885689 11.4576190724469 13.8681000451411 100.226220260543
99000 99 0.489999999999999 2.77558820748921 0.380327756348019 0.54594644884172 293.448147811737 11.3960076122895 13.9119758274944 100.563682281622
100000 100 0.494999999999999 2.80896772389392 -0.154869738073015 -0.229404476203976 283.194010134935 11.3918113202234 13.8404913476007 100.901144302702
101000 101 0.5 2.79114035499775 0.0255665737644083 0.0611057075782949 301.454702302753 11.3936571557805 13.7932958928853 101.238606323781
