step time_ps strain stress_z_GPa stress_x_GPa stress_y_GPa temp_K lx_A ly_A lz_A
1000 1 0 -1.6134939482938 2.34317533593916 -0.90930444836833 308.359218308445 15.3872560082585 16.3771708836606 65.3679761466857
2000 2 0.00500000000000003 -1.27349762850764 -0.573072299341218 -0.0431540143300353 326.640127820472 14.8921482393349 16.735359779667 65.6948160274191
3000 3 0.0100000000000001 -0.755888548722218 -0.247059767940484 -0.296542873054966 303.349727249559 14.8765013844908 16.6713166952508 66.0216559081526
4000 4 0.0150000000000001 -0.604831039049907 -0.104025991325681 -0.144173195501655 301.185889243435 14.8044385961623 16.683184377386 66.348495788886
5000 5 0.0199999999999999 -0.35258930092177 0.0999469018893586 -0.174364485911617 314.801226148969 14.7586502476518 16.6711746557915 66.6753356696194
6000 6 0.025 0.12357986976279 0.145142915871514 -0.032295482352478 291.918516715575 14.7433425192339 16.6485137585631 67.0021755503528
7000 7 0.03 -0.252829444618362 -0.37175669642967 -0.250096222219305 291.424476622809 14.6678845197036 16.6129432268866 67.3290154310863
8000 8 0.035 0.582340019283503 0.000122277583368006 0.281771579516039 301.58819243524 14.6739465968225 16.5694733633898 67.6558553118197
9000 9 0.04 0.907187840825836 -0.414663135727686 -0.456902614541124 297.382502912529 14.6996525096685 16.4463090756938 67.9826951925531
10000 10 0.0450000000000001 0.722292540640048 -0.313930238180937 -0.161557442880691 293.191456240155 14.65455116798 16.4289630181681 68.3095350732866
11000 11 0.0500000000000001 0.735551805297161 0.0311363181863797 0.290520940488115 302.093787904592 14.6598328957843 16.3789162543342 68.63637495402
12000 12 0.0550000000000002 1.30399174286607 0.152975614107467 0.12334778824675 295.173343605098 14.6724186700971 16.2986002757786 68.9632148347534
13000 13 0.06 1.94780164526891 0.292549601362644 0.391837566760578 288.895148757393 14.6545129337737 16.2745527913081 69.2900547154868
14000 14 0.065 1.5865015803786 -0.176269374969592 0.0717224940890816 313.977664840786 14.6452462642377 16.1709030786625 69.6168945962203
15000 15 0.07 3.06572542038417 0.490266750955259 0.473645871462555 306.977619832193 14.6535071851629 16.1478544893966 69.9437344769537
16000 16 0.0750000000000001 2.28134675794261 -0.352009276927211 -0.147176911314269 298.020920847433 14.5770578520437 16.0986428665835 70.2705743576871
17000 17 0.0800000000000001 2.69722844044093 -0.0796002082122171 0.186597207281184 302.799940064246 14.5628072076245 16.086314405617 70.5974142384206
18000 18 0.0849999999999999 2.62458817662872 -0.00300561958701428 -0.00231422689827767 295.879783967286 14.5855773111566 15.9752163401517 70.924254119154
19000 19 0.0900000000000002 2.58480637503862 0.0314968247468552 0.384736903341602 307.528966873129 14.6151498871567 15.9007367328209 71.2510939998874
20000 20 0.095 2.74566279170716 -0.275028890139956 0.292600201861964 322.499887022753 14.5564944022405 15.8765730407262 71.5779338806208
21000 21 0.1 2.90898744904797 -0.205628182452604 -0.0812093511792801 300.539738264342 14.5497607983071 15.8221623271846 71.9047737613543
22000 22 0.105 3.4407541242054 0.761084810927383 0.0284561106545965 300.277380596667 14.6216703246516 15.7324855979783 72.2316136420877
23000 23 0.11 2.56209858471284 0.0880880554622653 -0.284464490412083 297.623607598578 14.5851896264364 15.647904152369 72.5584535228211
24000 24 0.115 2.94776130736659 0.0115629960219888 0.0670516618198203 300.161275996864 14.5381354350601 15.6553297405983 72.8852934035546
25000 25 0.12 2.41063332336921 -0.231199840997032 -0.103094064988945 301.391390773748 14.4920304567266 15.6087886049474 73.212133284288
26000 26 0.125 3.18835065452882 0.0330522837565131 -0.256295438689568 310.881401538528 14.4585381954919 15.5841072126291 73.5389731650214
27000 27 0.13 4.02465984393429 0.768110635752634 0.692668266946215 306.463528350781 14.445330062175 15.5905993379258 73.8658130457548
28000 28 0.135 3.60401117520905 -0.251518130437658 -0.0589842027243396 301.823669366934 14.3497141248848 15.5617460852449 74.1926529264883
29000 29 0.14 3.56014625033553 -0.139650598920095 0.0286060736678383 304.249027507192 14.3264667918284 15.543991171267 74.5194928072217
30000 30 0.145 3.97960216471122 -0.552941586158578 -0.235217527476118 298.009427492254 14.2478258805617 15.5340212942308 74.8463326879551
31000 31 0.15 4.4434824446172 0.307846625787003 0.392428066428343 305.532267233381 14.2663721831959 15.541615928757 75.1731725686886
32000 32 0.155 5.07837862574369 -0.000272801215230435 -0.0959304113319448 294.401717435842 14.2310538449059 15.5064825515646 75.500012449422
33000 33 0.16 4.69014321199521 0.0850853059948462 -0.0637604893034428 297.613603126744 14.1973048329361 15.4531390970987 75.8268523301554
34000 34 0.165 4.2802565542368 -0.208264818841666 -0.377758543647136 308.231742811256 14.1656500997805 15.4170160642482 76.1536922108888
35000 35 0.17 4.27037654241215 -0.398173036663275 0.0745665817584644 299.629642947275 14.0851203310276 15.4437390959683 76.4805320916223
36000 36 0.175 4.96418628295522 -0.0826272970892161 0.0139700945943272 298.322843689021 14.1019137954853 15.3979145731543 76.8073719723557
37000 37 0.18 4.83968269107228 0.138543375452482 0.165154316448557 305.8047718762 14.053849663768 15.4105248793221 77.1342118530891
38000 38 0.185 4.76661825082221 0.0400964568769519 0.0541398134794299 288.132718937005 14.0122741577308 15.3569613453488 77.4610517338226
39000 39 0.19 4.25022301697784 -0.130416186964579 -0.410351911245625 306.204717989153 13.9712414345298 15.3216593622441 77.787891614556
40000 40 0.195 4.16165022710483 -0.0754435543152297 -0.206583140056075 294.347199503338 13.9009711167547 15.3420359791038 78.1147314952894
41000 41 0.2 3.97555014861964 0.12970724049048 0.347001961234061 292.665739001546 13.8589848511291 15.3412879168013 78.4415713760228
42000 42 0.205 3.15693869002213 -0.462727968513747 -0.444408314771356 300.993413012264 13.781204015034 15.2948532849965 78.7684112567563
43000 43 0.21 2.91956869964674 0.210380340679782 0.368283116300365 294.10749246273 13.6883560367904 15.3477775449938 79.0952511374897
44000 44 0.215 14.1825023119647 3.00420392654527 4.25756516901157 327.573294005179 13.6187541086339 15.3668802685271 79.4220910182231
45000 45 0.22 5.65375168003087 4.18376365396688 5.38584726284808 265.159881564716 13.5734083333932 15.2921416567996 79.7489308989566
46000 46 0.225 -1.26757051471232 -3.12226579465353 -5.33918636465866 377.495525788857 13.5321037038204 15.2374542812467 80.07577077969
47000 47 0.23 -4.06122599105423 -0.629012719858729 -6.68538178486151 323.464137543195 13.5067131155539 15.2457740641889 80.4026106604234
48000 48 0.235 2.46862826490326 -1.34888415083452 -1.07360121414972 371.44869235461 13.4784519280105 15.2104696247732 80.7294505411569
49000 49 0.24 4.50690428070485 2.89739155678701 1.2287675206323 318.980198778536 13.4568305074923 15.1454989300628 81.0562904218903
50000 50 0.245 10.4845681089845 4.46615787274722 5.30438027811258 339.29476528573 13.5103938456199 15.1749986340219 81.3831303026237
51000 51 0.25 11.4328509956195 4.46726565245408 6.53782408697868 332.869803472781 13.50657670432 15.1014872958655 81.7099701833571
52000 52 0.255 0.896450350754863 -3.365830303349 -9.29180180383135 243.628221279966 13.3815333917814 15.0733510468882 82.0368100640906
53000 53 0.26 5.51973174790291 1.21372274346172 3.38574353028399 274.263454401364 13.4202972983316 15.0454562630699 82.363649944824
54000 54 0.265 8.76722400461692 6.91010094061017 3.9096603590598 387.725982967552 13.4265940432821 14.9985562381778 82.6904898255574
55000 55 0.27 3.12259160480882 -1.19680438091603 -1.39920579677869 330.821934059973 13.4197520363952 14.8630565052981 83.0173297062909
56000 56 0.275 1.05272174008656 -3.44238835883431 -1.63160640956602 263.679548505137 13.3805631707953 14.8958165095103 83.3441695870243
57000 57 0.28 1.10125431710185 -3.05204443936162 -2.50044573661856 283.188213801698 13.3561610169663 14.8874424939135 83.6710094677577
58000 58 0.285 4.7879937775917 0.73105346564724 0.706329623217023 301.158637471295 13.34491413695 14.8340797764257 83.9978493484911
59000 59 0.29 6.77076374736525 0.42787205721129 0.871404406011776 283.638766045213 13.3235641293648 14.852891503921 84.3246892292246
60000 60 0.295 9.22447013710398 2.67189159520768 4.82997347904029 347.759197238713 13.3227564632421 14.7914789015894 84.651529109958
61000 61 0.3 5.1600478364752 -0.186256649561992 -0.606633566060746 336.617259284587 13.2351883334458 14.8134438617684 84.9783689906914
62000 62 0.305 15.4798282584363 7.91585219320426 6.77986220028844 331.252273571367 13.2590801072557 14.7598994336493 85.3052088714249
63000 63 0.31 3.01001829263704 -2.79248384566935 -3.19932194148301 318.044733781665 13.1905379730991 14.7164797998821 85.6320487521583
64000 64 0.315 5.67816987588927 0.774457651728151 0.9297695238148 277.760319198285 13.2134447980939 14.6771023354798 85.9588886328917
65000 65 0.32 11.9957071391447 3.55703809206653 8.25759260410514 365.424945297176 13.1670122715033 14.6849952893789 86.2857285136251
66000 66 0.325 3.45854145082788 -1.345585575682 -1.93355421275429 266.649346733512 13.1412252563361 14.6707618397329 86.6125683943586
67000 67 0.33 9.74506620585113 4.82426165949872 1.54792925522672 387.962685743651 13.1607624116659 14.5393821545034 86.939408275092
68000 68 0.335 4.2949152346175 -0.86151961931295 -2.3905211113717 478.639041283458 13.1598827864801 14.5649677967013 87.2662481558254
69000 69 0.34 5.92800622319518 0.00634997245524451 2.11333536065701 408.862365630649 13.0386870746116 14.5377064906635 87.5930880365589
70000 70 0.345 6.37215975042549 -0.135645930048944 -0.984413773016608 266.785580966996 13.0550546928311 14.4811162291879 87.9199279172923
71000 71 0.35 4.55414868933113 0.174644671641092 0.537073721174615 263.355951356904 13.0242781493692 14.6006955844566 88.2467677980257
72000 72 0.355 4.64390190373653 -0.0766050394423935 0.284299874079537 295.955727436792 13.0031032403351 14.5909257523192 88.5736076787591
73000 73 0.36 4.68415124712247 0.104628561595928 -0.062724119990141 298.09718538487 12.9693720539743 14.5361300766709 88.9004475594926
74000 74 0.365 4.46127410301087 -0.130599022876415 0.274578888242213 310.086929845343 12.888473538156 14.5518495944643 89.227287440226
75000 75 0.37 3.62729438415527 -0.142582056973835 -0.0973148593485196 308.035130623606 12.8841152111978 14.4573481301285 89.5541273209594
76000 76 0.375 3.70032690722576 0.183344084072137 0.328028143114164 289.496279073462 12.8120932879441 14.4883629857696 89.8809672016929
77000 77 0.38 3.57746840211877 -0.227834985703177 0.110896535043651 288.337001800911 12.7729839138774 14.4558844649293 90.2078070824263
78000 78 0.385 3.35082194390806 -0.187155945384671 0.134020137954389 297.377462456947 12.7623604542293 14.4080091228255 90.5346469631597
79000 79 0.39 3.7450458536158 0.535004495049783 0.511718239918172 303.154275048029 12.8037180550183 14.3782740447077 90.8614868438931
80000 80 0.395 3.84182117791225 0.175553106536884 0.296566718853944 305.523583827064 12.7513261134219 14.3491712841789 91.1883267246266
81000 81 0.4 4.06000559870555 0.181869101798889 0.00954538198302291 306.924777891477 12.7589733777047 14.2956510980622 91.51516660536
82000 82 0.405 3.87434868954601 -0.055529066097167 -0.121963603756894 319.744767469393 12.6931632703406 14.3120321118234 91.8420064860934
83000 83 0.41 4.46240216978127 0.161769860408922 -0.150017352100602 296.604817927163 12.7186370270279 14.2476643356381 92.1688463668268
84000 84 0.415 3.85982542965011 -0.114302467641371 0.0255355640245687 296.522449074076 12.6630735592915 14.2206008038918 92.4956862475603
85000 85 0.42 4.28307870894721 0.0892381473387286 0.202990692108484 296.227752540877 12.6304516933253 14.2064131074083 92.8225261282937
86000 86 0.425 4.04860497193154 0.0351561590076038 0.193667093926999 300.20599044927 12.5977424086263 14.2169398633102 93.1493660090271
87000 87 0.43 3.8991200816488 0.147454141391545 0.202358914001377 301.510000774873 12.555839808256 14.2194257300314 93.4762058897606
88000 88 0.435 3.81766337184579 0.143830064677601 0.158637511381347 295.000390119426 12.5701459755287 14.1417690842576 93.803045770494
89000 89 0.44 3.54882994216951 -0.00650994910904623 0.448772301568874 294.165807005206 12.5096914310564 14.1658360846962 94.1298856512274
90000 90 0.445 2.90903715597363 -0.0991437619437361 -0.219341977026053 295.273233357868 12.4311901420605 14.1699347842526 94.4567255319608
91000 91 0.45 3.13486824859093 -0.215368621348784 0.379153911294241 293.35344888345 12.3726000558945 14.2206974509793 94.7835654126943
92000 92 0.455 3.2751941015837 0.301967513657912 -0.268945390953205 304.381211546354 12.4118666580704 14.1230359539054 95.1104052934277
93000 93 0.46 3.51567754645253 -0.0543119365374951 0.310656040868582 308.775364194884 12.3320339399681 14.1811859521197 95.4372451741611
94000 94 0.465 2.87969705722497 0.0561739244992549 -0.298121657347968 300.047295888023 12.3371201114186 14.0994657732787 95.7640850548946
95000 95 0.47 3.32208959454145 0.569706986479316 -0.00903289123683041 306.500460624914 12.360931160596 14.064061372414 96.090924935628
96000 96 0.475 2.95824798249819 -0.155182599716694 0.0126670926264013 296.222811509932 12.3095610345885 14.030948118111 96.4177648163614
97000 97 0.48 3.03462956952467 0.123045696869822 -0.261105990800193 300.415825860365 12.3362809437226 13.9501570305832 96.7446046970948
98000 98 0.485 2.75860090495761 0.112377852312271 -0.203527645927437 306.334878103488 12.284548967726 13.9524870655718 97.0714445778283
99000 99 0.49 2.76545163665786 -0.133377702634561 -0.10041123070217 301.411052415725 12.2135290037277 13.9858823209147 97.3982844585617
100000 100 0.495 1.93554461404103 -0.355843952157516 0.00212347072253313 286.809988724542 12.1712058874647 13.9389405946276 97.7251243392951
101000 101 0.5 2.22643116301425 0.288309314227934 0.240554668295942 295.538335363176 12.2083043837565 13.8781508488764 98.0519642200286
