# r(A) g(r)_avg coord_avg
0.03000000 0.00000000 0.00000000
0.09000000 0.00000000 0.00000000
0.15000000 0.00000000 0.00000000
0.21000000 0.00000000 0.00000000
0.27000000 0.00000000 0.00000000
0.33000000 0.00000000 0.00000000
0.39000000 0.00000000 0.00000000
0.45000000 0.00000000 0.00000000
0.51000000 0.00000000 0.00000000
0.57000000 0.00000000 0.00000000
0.63000000 0.00000000 0.00000000
0.69000000 0.00000000 0.00000000
0.75000000 0.00000000 0.00000000
0.81000000 0.00000000 0.00000000
0.87000000 0.00000000 0.00000000
0.93000000 0.00000000 0.00000000
0.99000000 0.00000000 0.00000000
1.05000000 0.00000000 0.00000000
1.11000000 0.00000000 0.00000000
1.17000000 0.00000000 0.00000000
1.23000000 0.00000000 0.00000000
1.29000000 0.00000000 0.00000000
1.35000000 0.00000000 0.00000000
1.41000000 0.00000000 0.00000000
1.47000000 0.00000000 0.00000000
1.53000000 0.00000000 0.00000000
1.59000000 0.00000000 0.00000000
1.65000000 0.00000000 0.00000000
1.71000000 0.00000000 0.00000000
1.77000000 0.00000000 0.00000000
1.83000000 0.00000000 0.00000000
1.89000000 0.00000000 0.00000000
1.95000000 0.00000000 0.00000000
2.01000000 0.00000000 0.00000000
2.07000000 0.00000000 0.00000000
2.13000000 0.00000000 0.00000000
2.19000000 0.00000000 0.00000000
2.25000000 0.00000000 0.00000000
2.31000000 0.00000000 0.00000000
2.37000000 0.00000000 0.00000000
2.43000000 0.00000000 0.00000000
2.49000000 0.00000000 0.00000000
2.55000000 0.00000000 0.00000000
2.61000000 0.00000000 0.00000000
2.67000000 0.88916744 0.25000000
2.73000000 1.70102841 0.75000000
2.79000000 0.81432769 1.00000000
2.85000000 5.85301788 2.87500000
2.91000000 4.49132244 4.37500000
2.97000000 4.31169398 5.87500000
3.03000000 4.48784921 7.50000000
3.09000000 4.31526132 9.12500000
3.15000000 3.19418535 10.37500000
3.21000000 1.23035839 10.87500000
3.27000000 1.77843466 11.62500000
3.33000000 0.57164200 11.87500000
3.39000000 0.27579324 12.00000000
3.45000000 0.00000000 12.00000000
3.51000000 0.00000000 12.00000000
3.57000000 0.49736783 12.25000000
3.63000000 0.00000000 12.25000000
3.69000000 0.93109081 12.75000000
3.75000000 0.00000000 12.75000000
3.81000000 0.00000000 12.75000000
3.87000000 0.00000000 12.75000000
3.93000000 0.41042217 13.00000000
3.99000000 0.00000000 13.00000000
4.05000000 0.00000000 13.00000000
4.11000000 0.00000000 13.00000000
4.17000000 0.00000000 13.00000000
4.23000000 1.41708638 14.00000000
4.29000000 0.00000000 14.00000000
4.35000000 1.33998192 15.00000000
4.41000000 0.00000000 15.00000000
4.47000000 0.00000000 15.00000000
4.53000000 0.00000000 15.00000000
4.59000000 0.00000000 15.00000000
4.65000000 0.00000000 15.00000000
4.71000000 0.00000000 15.00000000
4.77000000 1.39300241 16.25000000
4.83000000 2.44549630 18.50000000
4.89000000 0.53018957 19.00000000
4.95000000 0.00000000 19.00000000
5.01000000 0.50509573 19.50000000
5.07000000 1.47963505 21.00000000
5.13000000 0.96348433 22.00000000
5.19000000 1.41200438 23.50000000
5.25000000 1.37991477 25.00000000
5.31000000 0.44963559 25.50000000
5.37000000 0.87928821 26.50000000
5.43000000 0.42998199 27.00000000
5.49000000 0.00000000 27.00000000
5.55000000 0.41158937 27.50000000
5.61000000 0.40283248 28.00000000
5.67000000 0.39435211 28.50000000
5.73000000 0.38613674 29.00000000
5.79000000 0.00000000 29.00000000
5.85000000 0.00000000 29.00000000
5.91000000 0.00000000 29.00000000
5.97000000 0.35571487 29.50000000
