step time_ps strain stress_z_GPa stress_x_GPa stress_y_GPa temp_K lx_A ly_A lz_A
1000 1 1.20597800237667e-15 -1.52016490743909 -0.275961742249654 1.22289055211125 281.477171315543 17.8054190003379 14.3036114960346 35.3510296718417
2000 2 0.00500000000000113 -3.12831321271575 0.194748504698296 -0.060192011179496 292.168157363439 18.0994686925522 13.9250453284857 35.5277848202009
3000 3 0.0100000000000011 -2.21953561319825 -0.566622592935306 -0.341914463509172 294.595360932131 18.0199531160788 13.9113397719245 35.7045399685602
4000 4 0.0150000000000014 -2.12380159117699 0.0945486262330321 -0.273497217416144 303.047599520844 18.1498637085605 13.7523662141594 35.8812951169194
5000 5 0.0200000000000013 -0.835559249281489 0.24872786988537 0.372266342648986 307.08125938967 18.1304320129539 13.764838566444 36.0580502652786
6000 6 0.0250000000000012 -0.320453956603596 0.289381438937128 0.235086012122753 319.327189579538 18.1672174788078 13.6660670342274 36.2348054136378
7000 7 0.0300000000000012 0.121980610233661 -0.111226599031642 -0.120288151925346 296.567820118097 18.1860804286157 13.5906671011035 36.411560561997
8000 8 0.0350000000000011 0.688800153637462 -0.440139261487077 -0.231386623744816 297.599757304349 18.1725456529646 13.5318874767164 36.5883157103562
9000 9 0.0400000000000014 1.18380206817131 0.501889970588935 0.197186105199785 292.014743710632 18.3042506394519 13.4375907279547 36.7650708587154
10000 10 0.0450000000000013 1.67060925604425 -0.388689649710929 -0.314129816923353 283.63049412706 18.231719489742 13.3824315076144 36.9418260070746
11000 11 0.0500000000000012 2.48331806544063 0.632465843967575 0.411056096397096 299.361946547283 18.3369411531134 13.3239070442722 37.1185811554338
12000 12 0.0550000000000012 2.75985212841854 -0.0623453822418783 -0.24515302164869 310.568050794119 18.3301273411689 13.221376095364 37.295336303793
13000 13 0.0600000000000011 3.22587423163286 0.0487730008725424 -0.0795342428824992 287.788703759589 18.351170867122 13.1724206722876 37.4720914521522
14000 14 0.0650000000000014 3.74709912368362 -0.132636657569058 -0.0777964760258321 287.58714079061 18.3596903349182 13.1283797894496 37.6488466005115
15000 15 0.0700000000000013 3.74109362046449 -0.519865567166826 -0.77173699655834 288.621710085431 18.3870858398764 13.0152688637284 37.8256017488707
16000 16 0.0750000000000013 4.94368410689758 0.998146093519866 0.612216218814308 297.450214267443 18.4724552551829 13.0055580604794 38.0023568972299
17000 17 0.0800000000000012 5.06621747698548 -0.317700282231095 -0.313122448745467 289.391391329349 18.4014273616104 12.9487113653694 38.1791120455891
18000 18 0.0850000000000011 5.31547447524196 0.386031571599692 0.0574416939685755 293.558004617609 18.5198815794055 12.8541952506322 38.3558671939483
19000 19 0.0900000000000014 5.32510785889777 0.110199491176075 -0.405835280420269 298.475080311164 18.5542839916861 12.7437446910505 38.5326223423075
20000 20 0.0950000000000014 5.97545777780108 0.0870139319133299 -0.240308909538035 305.405860390581 18.6040511528559 12.6924781706326 38.7093774906667
21000 21 0.100000000000001 6.54745561450848 -0.188740866951192 0.01896352639078 314.469105701192 18.5394733798685 12.6951476105847 38.8861326390259
22000 22 0.105000000000001 6.16681535441003 0.125551449682351 -0.0327159059121649 317.911325225067 18.5784298641873 12.6115007911496 39.0628877873851
23000 23 0.110000000000001 5.9364442146127 0.296131614729115 0.18335332320339 286.368255861658 18.6472522161668 12.5249919939684 39.2396429357443
24000 24 0.115000000000001 3.88304963747875 0.110761778305381 -0.241183360967049 302.395820553724 18.7208456772218 12.3689259059109 39.4163980841035
25000 25 0.120000000000001 5.19499782374691 0.604260318790224 0.22737051695226 296.20061618342 18.7242337550536 12.3728936314923 39.5931532324628
26000 26 0.125000000000001 4.18374096857713 -0.163991053489976 -0.224768454253586 307.351302885719 18.7367237976799 12.27004395714 39.769908380822
27000 27 0.130000000000001 3.50522714223494 -0.37674918547379 -0.29034559585583 293.430906715776 18.7869662732427 12.1355042620274 39.9466635291812
28000 28 0.135000000000001 4.02016983229415 -0.0790655693460541 -0.16421348279224 307.458707882138 18.7939456132311 12.1285960215062 40.1234186775404
29000 29 0.140000000000001 3.06004705808564 0.0831007976523871 0.346014353404302 318.504669649809 18.8635504572485 12.0155748351531 40.3001738258996
30000 30 0.145000000000001 3.23134309691145 -0.1625853351421 0.131666295929926 299.046784358538 18.8453997013009 11.9620935070645 40.4769289742588
31000 31 0.150000000000001 2.34836661971046 -0.267434892231482 -0.451370103743249 326.936104858247 18.9251566583892 11.8349635917171 40.653684122618
32000 32 0.155000000000001 -0.680264180896845 0.475607608804121 0.216367112068952 269.924282887092 19.0347546053408 11.6425417042532 40.8304392709772
33000 33 0.160000000000001 0.217210735092652 0.00153151801343168 0.0220773446644606 296.669907389184 18.9907264883272 11.6370001210045 41.0071944193364
34000 34 0.165000000000002 0.226942114208996 -0.189698555492947 -0.349554709139512 300.242440645087 18.9628568406525 11.5864644280847 41.1839495676956
35000 35 0.170000000000001 0.560371769467125 -0.103112237841312 -0.213947020421175 305.315351451969 18.9460311573959 11.5672719585146 41.3607047160548
36000 36 0.175000000000001 0.640813066392153 -0.0960385268288104 0.279167334247081 306.932652555225 18.8973000347595 11.5616427574348 41.537459864414
37000 37 0.180000000000001 1.6977842406768 0.026005578291285 0.104344970814417 291.256131566244 18.8723253414785 11.5412642756265 41.7142150127733
38000 38 0.185000000000001 1.6026206264441 -0.43320177216098 -0.00995391311031128 287.920798256633 18.8318902690708 11.5223349294823 41.8909701611325
39000 39 0.190000000000002 2.21409182184474 -1.00012057983158 -0.223481433433484 274.141157971927 18.7693916592191 11.501959067913 42.0677253094917
40000 40 0.195000000000001 3.4100688598671 0.152832690941569 0.33689212667471 302.113364263896 18.8310856916092 11.4951875124373 42.2444804578509
41000 41 0.200000000000001 3.46763739848956 0.0569114443080768 0.30557519903613 303.603367847834 18.7697997202795 11.4737876297662 42.4212356062101
42000 42 0.205000000000001 1.55074274509015 -0.818498027977629 -0.608584418205592 309.460021632364 18.7343397855028 11.3711181644042 42.5979907545693
43000 43 0.210000000000001 1.82395882757014 0.543782537064382 0.042761534500161 305.491726766365 18.7683719542589 11.3070548058103 42.7747459029285
44000 44 0.215000000000002 1.16707343302094 -0.749340536525863 -0.683728516328381 302.436371931039 18.5764078813631 11.2970888488071 42.9515010512877
45000 45 0.220000000000001 2.22837317484763 0.200325065597322 0.630137760070151 293.261594675782 18.5836324180707 11.3456022051863 43.1282561996469
46000 46 0.225000000000001 2.41257703434682 0.0544696130274896 -0.016238507829635 302.999221497486 18.5593779696332 11.2889812745572 43.3050113480061
47000 47 0.230000000000001 3.01247696763481 0.0170287548695831 -0.444104617222579 292.040700070661 18.5195391560561 11.2604037029634 43.4817664963653
48000 48 0.235000000000001 3.10789166454221 0.347179620568605 -0.23851731066417 310.775708892766 18.4850724952335 11.2778055338556 43.6585216447246
49000 49 0.240000000000002 3.42135829790087 -0.0250346038322016 0.137347430123967 318.540015504248 18.361191557497 11.3077354274566 43.8352767930838
50000 50 0.245000000000001 3.97480193612008 -0.177806332593083 0.101855290780441 288.401025358045 18.3234140404274 11.3034209845053 44.012031941443
51000 51 0.250000000000001 4.01330748443231 -0.0848151438884462 0.82754155413635 308.365504672136 18.2345089570273 11.3242070522984 44.1887870898022
52000 52 0.255000000000001 4.51880748981044 0.0425312277714737 -0.0230600856729072 297.743255535651 18.2198564206907 11.2834492300959 44.3655422381614
53000 53 0.260000000000001 4.40124039926912 -0.0148956028474445 -0.618838588752952 283.476570220537 18.1998388071076 11.2479862812507 44.5422973865206
54000 54 0.265000000000002 4.68938196052496 -0.108331667897687 0.0446020835072169 294.170854167353 18.0990368390745 11.2838966417951 44.7190525348798
55000 55 0.270000000000002 4.52845295206475 -0.373030537593829 -0.56339466292741 303.073104301549 18.0202885500806 11.2687691475358 44.895807683239
56000 56 0.275000000000001 5.23435803862022 0.282219893846659 0.561304598933627 309.024401782368 17.9689495090549 11.3229713246891 45.0725628315982
57000 57 0.280000000000001 5.30220740644256 -0.410107520228418 0.333340147903602 293.243361303885 17.8757975510306 11.3324801866583 45.2493179799574
58000 58 0.285000000000001 5.62448627183303 0.118083176976152 0.0936078719800547 320.009873933035 17.8903455308401 11.3035827376847 45.4260731283166
59000 59 0.290000000000002 5.9152622383368 0.297332930192215 -0.0539495650698722 302.450445258012 17.8804969918965 11.2769749567859 45.6028282766759
60000 60 0.295000000000002 6.55852927160019 0.346555054871413 0.48207732345807 291.329307496483 17.7978132520469 11.3135336576299 45.7795834250351
61000 61 0.300000000000001 6.49924410991307 0.13247661148436 -0.190147350149533 298.709276981537 17.7492533674548 11.2935332761871 45.9563385733943
62000 62 0.305000000000001 6.29162275117837 -0.504699960403706 -0.309225283970527 301.947529173008 17.639142704562 11.2952656032122 46.1330937217535
63000 63 0.310000000000001 6.57529157456722 0.1567324145575 0.507083649822691 312.367750198603 17.6001688741261 11.3407145913493 46.3098488701127
64000 64 0.315000000000002 5.97856476358741 -0.427490509543747 -0.58335817958493 295.804664670037 17.4769339055338 11.335797449396 46.4866040184719
65000 65 0.320000000000002 7.07648441688094 0.491663757207839 0.342185057701249 283.837749158793 17.5050020540018 11.3369714561767 46.6633591668311
66000 66 0.325000000000001 6.66985259141926 -0.652279526780724 -0.580499333769832 316.452126237414 17.403359028418 11.3268744711993 46.8401143151903
67000 67 0.330000000000002 7.08964165547648 0.103077023346667 0.165538094794665 303.474820726938 17.3413500248857 11.3569744289116 47.0168694635495
68000 68 0.335000000000002 7.15541256330231 -0.0374430889750222 -0.155261860602492 295.576601238369 17.2640963065616 11.3640487906985 47.1936246119087
69000 69 0.340000000000002 7.76328402834166 0.506551836577071 0.3278201492058 296.642993673731 17.2722515043962 11.3648709899899 47.3703797602679
70000 70 0.345000000000002 7.03421841673013 -0.260076816553776 -0.242492467671768 281.940762259479 17.1177462311647 11.3903250731563 47.5471349086271
71000 71 0.350000000000001 7.32549886160195 0.427718781931406 -0.18974715109876 287.475923418037 17.1147749851474 11.3683771007535 47.7238900569863
72000 72 0.355000000000001 6.59086737410055 0.171773998319789 -0.400121363814974 296.835042185827 16.8970724360202 11.4287462723334 47.9006452053456
73000 73 0.360000000000002 6.15866182544658 0.207284307906791 0.11871961014008 305.943576694913 16.748638047061 11.4784767548987 48.0774003537048
74000 74 0.365000000000002 6.11988451669554 0.3293177656378 0.283214960566782 296.602708290461 16.6637531178163 11.5090588093305 48.254155502064
75000 75 0.370000000000002 3.52196863273119 0.0114001281296377 -0.205501031852202 290.782534749245 16.1926600678073 11.6675594243156 48.4309106504232
76000 76 0.375000000000001 -0.743741385367163 -0.238753319309896 0.0133094427116224 291.510097192731 16.1033935652361 11.5635594324967 48.6076657987824
77000 77 0.380000000000002 1.07513090181112 0.247008550202153 -0.0690952487134451 309.411086961071 16.2575696393765 11.4558947774853 48.7844209471416
78000 78 0.385000000000002 1.2566178743186 0.0219621456557798 0.250717195855855 313.057606951431 16.2050174374566 11.4472007401118 48.9611760955008
79000 79 0.390000000000002 0.871574565647001 -0.0460802636781204 -0.0175609871487249 304.696705750743 16.1645184970985 11.4259246508073 49.13793124386
80000 80 0.395000000000002 1.53796816808308 -0.620589702013967 -0.180052527427475 313.092923852209 16.1851182489474 11.3577623634655 49.3146863922192
81000 81 0.400000000000002 2.41267359795321 -0.545312498199472 -0.293216646466513 300.656348557639 16.1524669606449 11.299147676192 49.4914415405784
82000 82 0.405000000000002 2.91792575310536 -0.208482567382669 0.0390163407861796 295.626804223628 16.1181274322541 11.3091752639903 49.6681966889376
83000 83 0.410000000000002 3.33498955089543 -0.203662892652289 0.627158277731444 299.700466268534 16.0938790266819 11.3349803332742 49.8449518372969
84000 84 0.415000000000001 4.26482778188241 0.0615748004140512 0.237304261535149 333.142737974946 16.0739400932734 11.3042134633428 50.0217069856561
85000 85 0.420000000000002 4.91876171327978 0.494743645264715 -0.0707511339100587 289.126850616136 16.1288150152402 11.2700938158248 50.1984621340153
86000 86 0.425000000000002 4.2796772823849 -0.657603780009359 -0.575885179196951 304.151811616488 15.9650823067074 11.2952989535893 50.3752172823745
87000 87 0.430000000000002 4.91806008303054 0.117037032756389 -0.0671971342223993 302.605035681792 15.9486994533399 11.3023138416711 50.5519724307337
88000 88 0.435000000000002 5.04527340032418 -0.391742164871842 -0.0869700671777068 281.492543614926 15.9006332898357 11.298919627412 50.7287275790929
89000 89 0.440000000000002 5.25514457808798 -0.101196843418912 0.500205202952095 304.927593231059 15.8280402883369 11.3324161137605 50.9054827274521
90000 90 0.445000000000002 6.1818461524192 0.00838810467050223 0.0793996408168191 291.780819191653 15.8520713238249 11.2903247888263 51.0822378758113
91000 91 0.450000000000002 6.36279783871848 0.0616938750832177 0.255160268800743 310.944723888319 15.7940628619495 11.2996102903875 51.2589930241705
92000 92 0.455000000000002 6.623684336542 0.248561015671703 0.0145022403634792 298.18763276292 15.7841266488299 11.2792026718522 51.4357481725297
93000 93 0.460000000000002 6.71054197756628 -0.192428698516787 -0.280489746950769 300.43207938047 15.7297551822446 11.2828554171966 51.6125033208889
94000 94 0.465000000000002 7.38922526619368 0.171707309468116 0.406819837410819 309.263488192438 15.7149871646653 11.3021268593356 51.7892584692482
95000 95 0.470000000000002 7.3315195447666 -0.254947422396994 0.0674567908380981 301.948732720564 15.6374799952508 11.289332817527 51.9660136176074
96000 96 0.475000000000002 7.61968790131327 0.0621907657165583 -0.404143581584574 298.6404865486 15.6536620411466 11.2561943777791 52.1427687659666
97000 97 0.480000000000002 7.95972416305668 -0.00439640188017625 -0.221419668876197 296.606862242586 15.6355765460773 11.2435673280648 52.3195239143258
98000 98 0.485000000000002 7.76774520795174 0.606869155620965 0.571863615965274 324.153603702337 15.5480009082986 11.3089201130905 52.496279062685
99000 99 0.490000000000002 7.5215359486493 -0.437063931826635 -0.689029603017524 281.500851877015 15.4924430814527 11.2640447263862 52.6730342110442
100000 100 0.495000000000002 7.72312632660047 -0.0213526803143321 -0.378414601650504 302.776574362674 15.4558731055293 11.2711644794519 52.8497893594034
101000 101 0.500000000000002 6.97275194798419 0.0609586708735303 -0.583402596084052 293.977982846117 15.397410264511 11.272947225777 53.0265445077626
