# r(A) g(r)_avg coord_avg
0.02000000 0.00000000 0.00000000
0.06000000 0.00000000 0.00000000
0.10000000 0.00000000 0.00000000
0.14000000 0.00000000 0.00000000
0.18000000 0.00000000 0.00000000
0.22000000 0.00000000 0.00000000
0.26000000 0.00000000 0.00000000
0.30000000 0.00000000 0.00000000
0.34000000 0.00000000 0.00000000
0.38000000 0.00000000 0.00000000
0.42000000 0.00000000 0.00000000
0.46000000 0.00000000 0.00000000
0.50000000 0.00000000 0.00000000
0.54000000 0.00000000 0.00000000
0.58000000 0.00000000 0.00000000
0.62000000 0.00000000 0.00000000
0.66000000 0.00000000 0.00000000
0.70000000 0.00000000 0.00000000
0.74000000 0.00000000 0.00000000
0.78000000 0.00000000 0.00000000
0.82000000 0.00000000 0.00000000
0.86000000 0.00000000 0.00000000
0.90000000 0.00000000 0.00000000
0.94000000 0.00000000 0.00000000
0.98000000 0.00000000 0.00000000
1.02000000 0.00000000 0.00000000
1.06000000 0.00000000 0.00000000
1.10000000 0.00000000 0.00000000
1.14000000 0.00000000 0.00000000
1.18000000 0.00000000 0.00000000
1.22000000 0.00000000 0.00000000
1.26000000 0.00000000 0.00000000
1.30000000 0.00000000 0.00000000
1.34000000 0.00000000 0.00000000
1.38000000 0.00000000 0.00000000
1.42000000 0.00000000 0.00000000
1.46000000 0.00000000 0.00000000
1.50000000 0.00000000 0.00000000
1.54000000 0.00000000 0.00000000
1.58000000 0.00000000 0.00000000
1.62000000 0.00000000 0.00000000
1.66000000 0.00000000 0.00000000
1.70000000 0.00000000 0.00000000
1.74000000 0.00000000 0.00000000
1.78000000 0.00000000 0.00000000
1.82000000 0.00000000 0.00000000
1.86000000 0.00000000 0.00000000
1.90000000 0.00000000 0.00000000
1.94000000 0.00000000 0.00000000
1.98000000 0.00000000 0.00000000
2.02000000 0.00000000 0.00000000
2.06000000 0.00000000 0.00000000
2.10000000 0.00000000 0.00000000
2.14000000 0.00000000 0.00000000
2.18000000 0.00000000 0.00000000
2.22000000 0.00000000 0.00000000
2.26000000 0.00000000 0.00000000
2.30000000 0.00000000 0.00000000
2.34000000 0.00000000 0.00000000
2.38000000 0.00000000 0.00000000
2.42000000 0.00000000 0.00000000
2.46000000 0.00000000 0.00000000
2.50000000 0.00000000 0.00000000
2.54000000 0.00000000 0.00000000
2.58000000 0.00000000 0.00000000
2.62000000 0.00000000 0.00000000
2.66000000 0.00000000 0.00000000
2.70000000 0.00000000 0.00000000
2.74000000 0.00000000 0.00000000
2.78000000 0.00000000 0.00000000
2.82000000 4.88873000 1.00000000
2.86000000 0.00000000 1.00000000
2.90000000 4.62273000 2.00000000
2.94000000 17.99120000 6.00000000
2.98000000 0.00000000 6.00000000
3.02000000 6.39400000 7.50000000
3.06000000 5.18994000 8.75000000
3.10000000 0.00000000 8.75000000
3.14000000 0.98577200 9.00000000
3.18000000 0.00000000 9.00000000
3.22000000 0.93739900 9.25000000
3.26000000 0.00000000 9.25000000
3.30000000 1.78500000 9.75000000
3.34000000 1.74250000 10.25000000
3.38000000 0.85075200 10.50000000
3.42000000 0.00000000 10.50000000
3.46000000 0.00000000 10.50000000
3.50000000 9.52099000 13.50000000
3.54000000 0.00000000 13.50000000
3.58000000 0.00000000 13.50000000
3.62000000 0.74168600 13.75000000
3.66000000 0.00000000 13.75000000
3.70000000 0.70996000 14.00000000
3.74000000 0.00000000 14.00000000
3.78000000 0.00000000 14.00000000
3.82000000 0.00000000 14.00000000
3.86000000 0.00000000 14.00000000
3.90000000 0.00000000 14.00000000
3.94000000 0.00000000 14.00000000
3.98000000 0.00000000 14.00000000
4.02000000 0.00000000 14.00000000
4.06000000 0.00000000 14.00000000
4.10000000 0.00000000 14.00000000
4.14000000 0.00000000 14.00000000
4.18000000 0.00000000 14.00000000
4.22000000 0.00000000 14.00000000
4.26000000 0.00000000 14.00000000
4.30000000 0.00000000 14.00000000
4.34000000 0.00000000 14.00000000
4.38000000 0.00000000 14.00000000
4.42000000 0.00000000 14.00000000
4.46000000 0.00000000 14.00000000
4.50000000 0.95993900 14.50000000
4.54000000 0.00000000 14.50000000
4.58000000 0.00000000 14.50000000
4.62000000 1.82144000 15.50000000
4.66000000 1.79031000 16.50000000
4.70000000 0.87998100 17.00000000
4.74000000 4.32596000 19.50000000
4.78000000 0.85077200 20.00000000
4.82000000 3.34684000 22.00000000
4.86000000 0.82299400 22.50000000
4.90000000 0.00000000 22.50000000
4.94000000 3.98277000 25.00000000
4.98000000 0.00000000 25.00000000
5.02000000 0.77136800 25.50000000
5.06000000 0.00000000 25.50000000
5.10000000 0.74735900 26.00000000
5.14000000 0.00000000 26.00000000
5.18000000 0.00000000 26.00000000
5.22000000 1.42678000 27.00000000
5.26000000 0.00000000 27.00000000
5.30000000 2.76807000 29.00000000
5.34000000 2.72676000 31.00000000
5.38000000 0.00000000 31.00000000
5.42000000 1.32343000 32.00000000
5.46000000 0.00000000 32.00000000
5.50000000 2.57042000 34.00000000
5.54000000 0.00000000 34.00000000
5.58000000 0.00000000 34.00000000
5.62000000 1.23091000 35.00000000
5.66000000 0.00000000 35.00000000
5.70000000 4.78641000 39.00000000
5.74000000 5.89992000 44.00000000
5.78000000 3.49113000 47.00000000
5.82000000 3.44330000 50.00000000
5.86000000 3.39646000 53.00000000
5.90000000 3.35056000 56.00000000
5.94000000 1.10186000 57.00000000
5.98000000 0.00000000 57.00000000
6.02000000 0.00000000 57.00000000
6.06000000 1.05866000 58.00000000
6.10000000 0.00000000 58.00000000
6.14000000 0.00000000 58.00000000
6.18000000 0.00000000 58.00000000
6.22000000 0.00000000 58.00000000
6.26000000 0.00000000 58.00000000
6.30000000 0.00000000 58.00000000
6.34000000 1.93442000 60.00000000
6.38000000 0.00000000 60.00000000
6.42000000 0.00000000 60.00000000
6.46000000 0.00000000 60.00000000
6.50000000 0.00000000 60.00000000
6.54000000 0.00000000 60.00000000
6.58000000 0.00000000 60.00000000
6.62000000 0.00000000 60.00000000
6.66000000 0.00000000 60.00000000
6.70000000 0.00000000 60.00000000
6.74000000 0.00000000 60.00000000
6.78000000 0.00000000 60.00000000
6.82000000 0.00000000 60.00000000
6.86000000 0.00000000 60.00000000
6.90000000 0.00000000 60.00000000
6.94000000 0.00000000 60.00000000
6.98000000 1.59595000 62.00000000
7.02000000 1.57782000 64.00000000
7.06000000 0.00000000 64.00000000
7.10000000 0.00000000 64.00000000
7.14000000 0.76261300 65.00000000
7.18000000 1.88535000 67.50000000
7.22000000 1.11871000 69.00000000
7.26000000 6.26969000 77.50000000
7.30000000 3.28297000 82.00000000
7.34000000 1.08243000 83.50000000
7.38000000 1.78455000 86.00000000
7.42000000 0.70614300 87.00000000
7.46000000 0.69859100 88.00000000
7.50000000 0.69115900 89.00000000
7.54000000 1.36769000 91.00000000
7.58000000 1.69162000 93.50000000
7.62000000 2.00869000 96.50000000
7.66000000 1.65647000 99.00000000
7.70000000 1.63930000 101.50000000
7.74000000 1.62240000 104.00000000
7.78000000 0.64230500 105.00000000
7.82000000 3.81451000 111.00000000
7.86000000 0.31464800 111.50000000
7.90000000 0.31147000 112.00000000
7.94000000 0.61668000 113.00000000
7.98000000 0.61051300 114.00000000
