step time_ps strain stress_z_GPa stress_x_GPa stress_y_GPa temp_K lx_A ly_A lz_A
1000 1 2.77403032044128e-16 -1.96398655013388 0.975039559385649 0.755014707491564 956.92328861436 21.1711752787893 14.1285639777204 25.6140940682678
2000 2 0.00500000000000039 -2.29197316930586 0.0665054260611296 0.10572066458456 973.024623497507 21.0518544085732 14.0282464870929 25.7421645386091
3000 3 0.0100000000000002 -2.70805212243528 -0.476432042074603 -0.662849720676809 980.351768312296 20.9757186095234 13.9707145946839 25.8702350089505
4000 4 0.0150000000000004 -2.15355564769764 -0.34620920260486 -0.457391123660158 970.640950388632 20.9216005242618 13.9626777950145 25.9983054792918
5000 5 0.0200000000000002 -0.961973468948386 0.657547588947107 0.683400994470598 1007.52871083021 20.9076819429496 14.0516538222707 26.1263759496332
6000 6 0.0250000000000003 -1.78021769788592 -0.255759768970249 0.0942052444916586 991.241020505018 20.8149216222177 13.9911510184728 26.2544464199745
7000 7 0.0300000000000001 -0.901213244520753 -0.0548289158895245 0.128415005230897 980.185886434455 20.7205696749894 13.9861415208167 26.3825168903158
8000 8 0.0350000000000003 -0.57518689604667 0.185399129459916 0.679608165906401 964.995552516779 20.6215130799482 14.0276396869036 26.5105873606572
9000 9 0.0400000000000004 -0.485616282168021 -0.150651394829595 0.667980378614276 934.723706256125 20.3629100079893 14.1657417899993 26.6386578309985
10000 10 0.0450000000000002 -0.954555707871221 -0.433315714494838 0.0317652009363222 956.5463018737 20.5122124999622 13.9412343392945 26.7667283013399
11000 11 0.0500000000000003 -0.609818389788692 -0.163770530155597 -0.208471386043339 1012.82748033938 20.6132913060119 13.7793847716791 26.8947987716812
12000 12 0.0550000000000002 -0.69100117670801 -0.148370413650991 -0.625691501223274 1032.78850780608 20.6034062869712 13.7278466080295 27.0228692420225
13000 13 0.0600000000000003 -0.326391460075167 0.456609400416404 -0.373229136701296 962.956176237653 20.7005293748111 13.6553919782867 27.1509397123639
14000 14 0.0650000000000004 0.602975192020209 0.862908655961781 0.415704900588948 1086.61692761894 20.5425578494184 13.7588317420028 27.2790101827052
15000 15 0.0700000000000003 -0.221408502607219 -0.596473761050277 -0.30089583683957 981.077458437012 20.2667446386993 13.7471348763035 27.4070806530466
16000 16 0.0750000000000004 -0.276577304420635 -0.740186246291248 -0.353075272826163 1027.67666797196 20.2163361821852 13.7062065489568 27.5351511233879
17000 17 0.0800000000000002 1.08897221572602 0.811993042436266 0.609940181292253 1003.13627820822 20.2849745553873 13.7611451854953 27.6632215937292
18000 18 0.0850000000000003 1.01448421110342 0.575585881431145 0.461917786182966 1027.73679878463 20.3690015159102 13.6334502572225 27.7912920640706
19000 19 0.0900000000000003 1.17233762387013 0.800870943622324 -0.206856180695573 993.982822229027 20.4552410118989 13.4961198652752 27.9193625344119
20000 20 0.0950000000000003 1.44408514200961 0.735920283196922 0.733059335668605 1001.73031581698 20.2424264787847 13.6436911700122 28.0474330047532
21000 21 0.1 0.727234853148248 -0.46562424439385 0.258346472093825 1051.92924090558 19.9215099616991 13.6865861800975 28.1755034750946
22000 22 0.105 1.09980477663149 0.0658847479678578 0.382180060983115 1032.54440905441 19.969282034466 13.6665324190342 28.3035739454359
23000 23 0.11 1.03758411506658 0.430722901057863 -0.105112973296919 970.914244657908 20.1933293231364 13.4325860424163 28.4316444157773
24000 24 0.115 1.25417634173625 0.584005206870614 -0.234813084051773 919.252527767697 20.1256543039577 13.439768981637 28.5597148861186
25000 25 0.12 1.39193795818479 -0.200595627498894 0.242256874068139 1000.98053050742 19.9233181543632 13.5009093577044 28.6877853564599
26000 26 0.125 1.52447821899043 0.510518802965207 0.121886608838082 970.550651813218 19.9027141934223 13.4751181323844 28.8158558268013
27000 27 0.13 1.01650682590007 0.257579313783527 0.0507975372988141 1044.90572488202 19.9168098263228 13.4325636832365 28.9439262971426
28000 28 0.135 1.22340367442965 0.179369981302558 -0.269822011196472 953.920857278844 19.8699888324281 13.3441073618429 29.071996767484
29000 29 0.14 0.836421863223045 -0.977614191806034 -0.288088983153592 1086.67631875485 19.5852032498905 13.4009931889291 29.2000672378253
30000 30 0.145 0.484748427951881 -0.813816734792197 -0.903285900724669 982.473220979988 19.6916442511485 13.2899644173297 29.3281377081666
31000 31 0.15 1.98555647660081 0.755164204115451 0.757301165889351 1049.09717927618 19.7610851205062 13.3665042591581 29.456208178508
32000 32 0.155 1.87406282216951 0.379790499401631 0.609992918146031 1005.71839052511 19.5889345124687 13.3909462079529 29.5842786488493
33000 33 0.16 -0.449599861863586 -1.43095881784937 -1.919399973975 1052.44977695847 19.4874835960101 13.1791232771183 29.7123491191907
34000 34 0.165 0.847749866607586 -0.826511133192615 -0.15741318600292 1010.56304318502 19.4959232132428 13.2177190503571 29.840419589532
35000 35 0.17 1.04652917979376 0.0222749787581723 -0.618057717537168 1034.14971947186 19.5972546739472 13.1764853739793 29.9684900598733
36000 36 0.175 1.7310247237895 0.207789627584345 1.1877795954696 962.426772148171 19.3293662163709 13.3653365235478 30.0965605302147
37000 37 0.18 1.05146679935416 -0.116279934541569 -0.245252103394663 973.433164700844 19.3752566778901 13.1559452188948 30.224631000556
38000 38 0.185 0.494761826540795 -0.732076712263814 -0.487641520700377 1044.26908668062 19.3213653377493 13.1255558971361 30.3527014708974
39000 39 0.19 0.516619033842905 -0.337068984252003 -0.0107925333140908 993.249794809844 19.2375750482932 13.2163410818114 30.4807719412387
40000 40 0.195 0.39344019194872 0.414706020927874 -0.448766155795361 991.277521435213 19.3262481441974 13.0386834496563 30.60884241158
41000 41 0.2 0.0759095931313957 -0.324795306480101 -0.631541886729737 996.901294760012 19.141587733861 13.0552545267532 30.7369128819214
42000 42 0.205 0.684205396719032 -0.216669315949502 -0.0659771065430916 959.732963707507 19.1251556081692 13.0753547011723 30.8649833522627
43000 43 0.21 0.979048734075906 0.560696712783792 0.207892570023285 972.532306805751 19.1785940861283 13.0344051319024 30.993053822604
44000 44 0.215 0.793881610078051 0.808248146093719 0.218286066112579 991.60746052826 19.2496492090962 12.9394649137271 31.1211242929454
45000 45 0.22 0.157142108827767 -0.104862280340257 -0.665010870614427 1004.79971894027 19.2513248787285 12.8215441988285 31.2491947632867
46000 46 0.225 -0.357258897197735 -0.721162389745345 -1.08593733996167 955.035587579176 19.1394159455171 12.7812490278147 31.3772652336281
47000 47 0.23 -0.393722705782601 -0.83774096087277 0.0330145361881384 1016.42905399417 18.8527107306201 12.9325418531257 31.5053357039694
48000 48 0.235 0.26447473031441 -0.335098485477675 -0.314212151055173 981.732885492484 18.9120336418891 12.8707575770405 31.6334061743107
49000 49 0.24 0.366254752615018 -0.105555655099 -0.177356044325364 974.915699198441 18.9234361344799 12.8284357338176 31.7614766446521
50000 50 0.245 0.410984270550376 0.468525653485955 0.429390602973826 996.435113653418 18.8914286628008 12.8520869203888 31.8895471149934
51000 51 0.25 0.0696664702280413 0.664131529765667 0.60427280848831 957.4388292184 18.8700959487938 12.7855636750531 32.0176175853348
52000 52 0.255 -0.556645480907659 -0.442172232163729 -0.419876588590284 1034.49442788275 18.8039911235941 12.7318520926153 32.1456880556761
53000 53 0.26 -1.74324577028142 -1.28269362158216 -0.829787568582803 1002.1782120159 18.5919586006579 12.7457029756385 32.2737585260174
54000 54 0.265 -0.552242013748431 -0.260897832202585 -0.416064612488656 941.038776446441 18.7979789442188 12.5990466899466 32.4018289963588
55000 55 0.27 -0.256343922091336 -0.22895052396951 0.704543644617152 1090.76034749543 18.6131920587329 12.7846458345656 32.5298994667001
56000 56 0.275 0.0217041817960198 0.702644658049089 0.163016279617205 976.844011548981 18.8084623988463 12.5779401146242 32.6579699370415
57000 57 0.28 -1.02350708846081 0.127779923857908 -0.204539110969453 1047.80069153965 18.6495003286553 12.5672831334768 32.7860404073828
58000 58 0.285 -1.12525718557868 -0.297980900368126 -0.358023646674173 1001.68189976765 18.572659328635 12.5641597208712 32.9141108777241
59000 59 0.29 -0.460371602413717 -0.343807598138907 0.465765231202899 992.667900776511 18.4299640339755 12.6305791909508 33.0421813480655
60000 60 0.295 -0.6756104893973 -0.116765111670709 -0.0776402941752096 1005.60205114197 18.5135369285563 12.5046521211409 33.1702518184068
61000 61 0.3 -0.889534416116821 0.811362375900614 -0.0306903237796116 945.951640448407 18.5518811079498 12.4312721785812 33.2983222887481
62000 62 0.305 -0.923957517305519 -0.697578702316414 0.644584140348557 1022.2217492695 18.2300249109337 12.594725529971 33.4263927590895
63000 63 0.31 -2.24898796423795 -0.15402125179952 -0.47646246516956 998.468834328135 18.4070922343273 12.3466471306299 33.5544632294308
64000 64 0.315 -1.21405445676378 -0.347458379585043 -0.0311486071775822 1005.40114859114 18.3652765311529 12.3888483660042 33.6825336997722
65000 65 0.32 -1.0014750275826 0.43081013804542 0.632358135860813 1026.12259731295 18.3266505898548 12.401494145852 33.8106041701135
66000 66 0.325000000000001 -2.04001081908129 -0.407630239950112 -0.249275836191768 999.208844546452 18.2232486260154 12.3283249417897 33.9386746404548
67000 67 0.33 -0.645694431523093 0.547977126098186 0.438104619004441 1005.15381622592 18.3030389952837 12.3039086839385 34.0667451107962
68000 68 0.335 -0.684865609639702 0.815188229885117 1.12130712452873 987.320532958172 18.1792749686781 12.3469321775978 34.1948155811375
69000 69 0.34 -0.811158061287376 0.259648370441593 0.326893871963055 1039.2135199522 18.1995713417533 12.2626746829587 34.3228860514789
70000 70 0.345 -1.70918274420206 -0.195841140619162 0.0612168507458491 900.14335348574 18.1318056688289 12.176829218585 34.4509565218202
71000 71 0.35 -0.947422300461561 0.35138705632132 1.17935154198733 978.295035924074 18.0837798937808 12.2390973312507 34.5790269921615
72000 72 0.355 -0.778926432595301 0.551321593393938 0.558630373655341 980.965083086918 18.0697985434142 12.1530213444838 34.7070974625029
73000 73 0.36 -1.51817736154884 0.410004394603314 -0.545468244342814 963.328587341407 18.1619738293675 12.0151861994869 34.8351679328442
74000 74 0.365 -0.318120193240244 0.700053650049895 0.916114655089458 988.037663300103 18.0199981294809 12.166620285412 34.9632384031856
75000 75 0.37 0.0453109811400679 0.495842859617346 0.869295625410692 930.138021396491 17.9276968062838 12.1249913023447 35.0913088735269
76000 76 0.375 -0.19778411394505 -0.0215773492784866 0.563364615999628 972.999946280994 17.874874794509 12.1196285905163 35.2193793438682
77000 77 0.38 0.265697338642589 0.40412041613795 1.21510124828727 1005.25436792457 17.8194078881665 12.1577657824379 35.3474498142096
78000 78 0.385 -0.557570953135231 0.17557226004401 0.469461926874969 917.410706792906 17.832104186817 11.9959307836136 35.4755202845509
79000 79 0.39 -0.13540637366536 0.857095735914792 0.238387537971785 951.185525832193 17.9270171728973 11.930054160757 35.6035907548923
80000 80 0.395000000000001 1.00069006393035 1.59480695678728 0.60550309138517 994.239127845814 17.9780979889305 11.9210950508398 35.7316612252336
81000 81 0.4 0.652960412129608 0.919181461025927 0.926808376877377 1003.01877756852 17.9187656507627 11.8809558256365 35.8597316955749
82000 82 0.405 0.772816217970382 1.21589799482966 0.441062437664664 969.13771931334 17.9199416161847 11.815859568196 35.9878021659163
83000 83 0.41 0.385566347909526 -0.481120457470897 -0.758582978257448 975.398886265579 17.7390278963744 11.7857667003458 36.1158726362576
84000 84 0.415 -0.1291287233915 -0.0884620619669153 -0.680816626985542 1017.30093805579 17.776693093376 11.7079924380094 36.2439431065989
85000 85 0.42 0.542688216193228 -0.971056068342923 0.305975853899606 968.094605677122 17.6184566138206 11.8138516396673 36.3720135769403
86000 86 0.425 1.15556598660641 -0.0967117778369563 0.366120997683452 1083.4069401076 17.6245247617476 11.8182535003846 36.5000840472816
87000 87 0.43 0.441327020773574 -0.960242976967423 -0.616679455958274 980.732880944967 17.5844921919241 11.6800310526446 36.628154517623
88000 88 0.435 1.57357308736713 -0.42919739093126 0.968908423373619 1025.66557795526 17.5658534584992 11.7753359170351 36.7562249879643
89000 89 0.44 1.70053956089566 -0.689514200768478 -0.153511319103967 1015.22534770791 17.5442680545118 11.6886705774387 36.8842954583056
90000 90 0.445 2.17884398738928 -0.0922929414913208 0.400147335416065 1064.83678107755 17.6520906280858 11.6477374539034 37.012365928647
91000 91 0.45 3.04390408568148 -0.102564080488872 0.837295882057007 1022.81275026106 17.5249872987392 11.6870400314163 37.1404363989883
92000 92 0.455 2.61540839820858 -0.138472071164915 0.888561103775679 1031.80659125806 17.5346383523871 11.668894747671 37.2685068693297
93000 93 0.46 1.86297048819754 -0.986627334864062 -0.461881592412684 974.146967207504 17.4783726064594 11.5437955846225 37.396577339671
94000 94 0.465000000000001 1.852698557713 -0.35451305219835 -0.64043897183527 979.124430132168 17.592640732296 11.4619772883898 37.5246478100123
95000 95 0.47 2.29650526075648 0.676233269514719 0.551908995196539 958.982834022491 17.7084904520231 11.4233742399718 37.6527182803537
96000 96 0.475 2.42701261663128 0.134547700440342 -0.0502728367958644 983.938152253418 17.6837661661606 11.3583856860756 37.780788750695
97000 97 0.48 2.06875431229468 -0.670768313064363 -0.598094916705613 1011.62078202174 17.6181099769491 11.3016495822327 37.9088592210364
98000 98 0.485 2.95454340879404 0.279693610612468 0.277068996085097 1015.82320312334 17.6407909967963 11.3136045539491 38.0369296913777
99000 99 0.490000000000001 3.24073666769327 0.0398115919387253 0.551589410147729 1045.61446602012 17.6151077225096 11.3303017350535 38.165000161719
100000 100 0.495 4.2332885292783 0.61884685081206 0.983235416953879 981.969330489379 17.6018756552211 11.3388500966855 38.2930706320604
101000 101 0.5 3.67220758988811 -0.0818526420695456 -0.134545153404596 1038.38568690704 17.6035063007403 11.2716367135209 38.4211411024017
