step time_ps strain stress_z_GPa stress_x_GPa stress_y_GPa temp_K lx_A ly_A lz_A
1000 1 -1.14090664340165e-15 -1.04253334952341 -0.495687072092772 1.41457399081863 296.582566801649 15.8842901524953 33.640105302198 31.1393898821378
2000 2 0.00499999999999887 0.933015204667437 0.0882685869565172 0.256470418690039 303.227937483468 16.2666316450232 32.6554876140804 31.2950868315485
3000 3 0.00999999999999889 1.08943114592169 0.00731777137887884 -0.0231133090846492 284.522410578979 16.2808479936099 32.4599687768137 31.4507837809591
4000 4 0.0149999999999989 1.62986768851997 -0.00313209337345365 -0.318074513219797 307.472249389354 16.2377548735114 32.3613925161873 31.6064807303698
5000 5 0.0199999999999989 1.49602764695608 -0.0662204721680939 0.261127035110871 301.493689392656 16.2094024016433 32.2885405277418 31.7621776797805
6000 6 0.0249999999999988 1.43424380371039 0.0952960258792569 -0.429205721314488 306.536303112965 16.2517138362251 31.9977749646504 31.9178746291912
7000 7 0.0299999999999987 2.18027574493744 0.119926012307389 0.0215338993206195 304.75432992037 16.2083415293005 31.9901269725371 32.0735715786019
8000 8 0.0349999999999987 2.10781002910643 0.319675014397541 0.0924364154905797 287.440804072347 16.2064638377361 31.8955034118725 32.2292685280126
9000 9 0.0399999999999988 2.44013368096516 0.105793835894727 0.220560267683457 288.946907449114 16.1096260175537 31.9818790894849 32.3849654774233
10000 10 0.0449999999999988 2.24785190620809 0.0618719303536178 -0.289878010924029 293.526876326099 16.1147914524545 31.789417743322 32.540662426834
11000 11 0.0499999999999988 2.57515067845723 -0.125863513908836 -0.110405145630023 296.066290226099 16.0611868195148 31.7736615403018 32.6963593762447
12000 12 0.0549999999999988 2.37167605611375 -0.201905390307159 -0.347260935932043 304.803157124258 15.9934708839227 31.7529549559944 32.8520563256553
13000 13 0.0599999999999988 2.19787099502561 -0.0727037464215355 -0.244701864827294 299.017413588298 15.9260144471322 31.7172512008283 33.007753275066
14000 14 0.0649999999999988 3.06287800363079 0.320783025970224 -0.00982366090968438 309.123493986504 16.0052425135496 31.487395159417 33.1634502244767
15000 15 0.0699999999999988 3.09853790750409 0.0227148791299101 0.0955787877139035 314.313227154279 15.9410051308937 31.5052717546258 33.3191471738874
16000 16 0.0749999999999989 2.84965780209121 -0.0431760434215543 0.103663536221961 304.706812866324 15.9223172009682 31.3540142122412 33.4748441232981
17000 17 0.0799999999999989 3.18831412919941 0.410052265316916 -0.0719192909222456 306.817360008019 15.9320253130344 31.2458875563691 33.6305410727088
18000 18 0.0849999999999989 2.83294638808905 -0.356023288698538 -0.15362344407577 278.616634413504 15.8685174065868 31.2717860630473 33.7862380221195
19000 19 0.0899999999999987 2.59293650808373 -0.496316090269015 -0.128641596933453 317.887891333562 15.7919347546448 31.1823827852577 33.9419349715302
20000 20 0.0949999999999989 2.69342495722576 -0.392510854040213 -0.582109587698533 298.432157059737 15.8201722142547 31.016844854027 34.0976319209409
21000 21 0.0999999999999987 2.13105767650168 -0.725446899244831 -0.775233360955285 305.835635819743 15.7070189072192 31.0546322830734 34.2533288703515
22000 22 0.104999999999999 3.18706911799112 -0.107185384876872 0.0524958610778573 288.030844181025 15.7170872582849 30.9554944985231 34.4090258197622
23000 23 0.109999999999999 3.18797878967322 0.124038012829439 -0.0328271029547939 305.867228641525 15.6675545568796 30.938234584645 34.5647227691729
24000 24 0.114999999999999 2.69230756647325 0.172154368841588 -0.163285123072975 301.0621296878 15.5378854117461 31.0891940649445 34.7204197185836
25000 25 0.119999999999999 2.34164219628165 -0.0293982039080808 -0.189094711664698 303.670155014735 15.2663135887476 31.3822312008073 34.8761166679943
26000 26 0.124999999999999 1.45527470662002 -0.293515380273319 -0.265212111303045 300.34292871033 15.0689054431777 31.62463628013 35.031813617405
27000 27 0.129999999999999 1.57734717232959 -0.104033353303128 0.41113359519047 301.77619615651 14.9074394314691 31.8448623725325 35.1875105668157
28000 28 0.134999999999999 1.47787539784262 -0.268924274537494 -0.329818276708288 300.884502763734 14.828606375164 31.838017149268 35.3432075162264
29000 29 0.139999999999999 1.92065002617956 -0.070237177267083 0.206831033622061 286.236749525956 14.7695439587618 31.7797087668191 35.4989044656371
30000 30 0.144999999999999 2.19186752891624 0.142898785496812 0.15484386865002 304.581675091423 14.6926767385544 31.8797592999852 35.6546014150477
31000 31 0.149999999999999 1.94797206543054 -0.722374686546863 -0.66606225495233 303.568077085722 14.5796772267004 31.9040563265184 35.8102983644584
32000 32 0.154999999999999 1.89841575886893 0.23700977503785 0.0941771874185414 304.362607324071 14.5443925633002 31.9037279580481 35.9659953138691
33000 33 0.159999999999999 2.00030967820765 -0.0840081060239299 -0.0160314588222273 297.245976552607 14.5402087347659 31.7725494117286 36.1216922632798
34000 34 0.164999999999999 2.5372114213772 0.0498965889075002 0.580929062773308 317.365564122738 14.4568282104636 31.8790058223559 36.2773892126905
35000 35 0.169999999999999 1.82121039407279 -0.0245319927313518 -0.230155112506735 283.565938558759 14.4642525365009 31.6872624430479 36.4330861621012
36000 36 0.174999999999999 2.10581752744858 -0.228193054277191 -0.0900962615370184 299.379906121274 14.4252326714769 31.7057107313313 36.5887831115119
37000 37 0.179999999999999 1.91145392185676 -0.0146171819307874 -0.316138048572665 305.896697190363 14.4044456090569 31.5746096507604 36.7444800609226
38000 38 0.184999999999999 2.05026794965933 0.488107691958204 0.0575837256093222 293.889113984124 14.3720980732906 31.5001207275054 36.9001770103333
39000 39 0.189999999999999 1.54110374750596 -0.326565602879999 0.417398947850392 299.433979210515 14.3044602330292 31.4972335700626 37.0558739597439
40000 40 0.194999999999999 2.52318638793616 0.487489353233089 0.639922887624125 301.970576511384 14.3040748348824 31.459524064169 37.2115709091546
41000 41 0.199999999999999 1.93866740786543 -0.178968737899521 -0.272206169268449 295.562523027007 14.2342074318801 31.3890740733641 37.3672678585653
42000 42 0.204999999999999 1.880054024343 0.57684184037042 -0.226274537591326 505.59634279884 14.3595426997184 31.4878272327526 37.522964807976
43000 43 0.209999999999999 1.94692792781922 0.0251219939303653 0.17735717097329 315.806855489379 14.2367589532551 31.2220661944203 37.6786617573867
44000 44 0.214999999999999 1.89215143930163 0.0181819414653317 -0.28419756742945 314.392586991692 14.2695083092793 30.9872669470744 37.8343587067974
45000 45 0.219999999999999 2.84948042494688 0.364593267372954 -0.162267044776074 288.493774581564 14.2469000145796 30.8051555090825 37.9900556562081
46000 46 0.224999999999999 2.00038166813415 0.297483400281038 0.136217906860735 302.317871285657 14.2067779715393 30.8377232140844 38.1457526056188
47000 47 0.229999999999999 1.93190400958184 0.305573053265981 0.134925553872431 277.545678850315 14.2469887636973 30.7691287774685 38.3014495550294
48000 48 0.234999999999999 1.62177879917815 -0.0908347596103181 -0.18821550496406 321.202363915282 14.3180743525046 30.4298954965925 38.4571465044401
49000 49 0.239999999999999 1.24249172629612 -0.101074235887598 -0.322900961674974 293.00156801713 14.2869155427991 30.3516424776653 38.6128434538508
50000 50 0.244999999999999 2.29945929574984 0.436516139023085 0.206090136502271 293.202084813056 14.3234233365509 30.2210600843422 38.7685404032615
51000 51 0.249999999999999 1.77743308362 -0.206816053187471 0.334379022633378 308.665726427443 14.2391769480566 30.2565945760856 38.9242373526722
52000 52 0.254999999999998 1.73970547546062 0.0340527160789436 0.0171655285073387 278.953239237687 14.2329099839588 30.1334592518241 39.0799343020829
53000 53 0.259999999999999 2.51230431569223 0.413276210836416 0.263160690542158 302.993514718263 14.258437844531 29.9899054373789 39.2356312514936
54000 54 0.264999999999999 2.3707707041122 0.124176776553241 0.0827912783441284 288.055244234981 14.2407481265309 29.9113446998362 39.3913282009043
55000 55 0.269999999999999 2.30489906655985 0.0586585910585185 -0.304776314974011 306.477192346008 14.2327592502535 29.7812194690097 39.547025150315
56000 56 0.274999999999999 2.53710794366038 0.125200390781768 0.270656847983842 302.422259371753 14.2496139454106 29.6771899961933 39.7027220997256
57000 57 0.279999999999999 1.96766861500907 -0.106487963086453 -0.41120429211078 303.203303990352 14.2390289869208 29.5188966491846 39.8584190491363
58000 58 0.284999999999999 1.44648011097194 -0.401756211370228 -0.301381205333806 306.693470578663 14.2347062711633 29.4184481272362 40.014115998547
59000 59 0.289999999999999 2.03813105733067 0.120721229230119 -0.0998992997976533 284.754236038127 14.241701194531 29.3100621884377 40.1698129479577
60000 60 0.294999999999998 2.21341872590205 -0.04063063301241 -0.085364766348962 303.965686786897 14.2500659892647 29.2173750131507 40.3255098973684
61000 61 0.299999999999998 2.26581029073045 0.00670061227160045 0.0447103635658474 300.446248281589 14.1691058531357 29.2450969220097 40.4812068467791
62000 62 0.304999999999998 1.26689707349017 -0.354383801168889 -1.29351155887828 309.820707921846 14.1600860702919 29.0717624646844 40.6369037961898
63000 63 0.309999999999998 1.74701661160229 -0.808504535361056 -0.291453090505085 304.893067087391 14.0972483814684 29.1719869642734 40.7926007456005
64000 64 0.314999999999998 2.8503330035611 -0.0212284545315975 0.491413433425641 310.300471540158 14.0724670328137 28.9900742917742 40.9482976950112
65000 65 0.319999999999998 2.6335062255796 0.362286215456877 0.288264642681456 307.786697057475 14.1117401763825 28.9073501599159 41.1039946444218
66000 66 0.324999999999998 2.38433534787483 0.337757389654863 0.915651271177601 296.055702100612 14.1111313168691 28.7650231876455 41.2596915938325
67000 67 0.329999999999998 2.83024011912466 0.666922031375654 0.254387227933082 297.648475956114 14.126593597475 28.5134846482548 41.4153885432432
68000 68 0.334999999999998 1.97018687069928 -0.00814243172632384 -0.41235039298532 311.374736247178 14.0672884836994 28.6079236951533 41.5710854926539
69000 69 0.339999999999999 2.5115829978837 -0.0292758770355645 0.0535989652234036 306.237820298388 14.0324125925675 28.5993957507048 41.7267824420646
70000 70 0.344999999999999 2.26311365874274 -0.198688072935916 0.197818608561163 290.167278292559 13.9935402804936 28.5672877051437 41.8824793914753
71000 71 0.349999999999998 2.5329963272276 0.230152546825977 -0.124108081579666 319.415409183075 13.9995045977384 28.4624357263489 42.038176340886
72000 72 0.354999999999998 2.55747150191638 -0.0548174862474206 -0.0661556602329655 297.187597443179 13.9295009800046 28.557648578176 42.1938732902967
73000 73 0.359999999999998 3.21151898734817 -0.116251563164214 0.264554121436659 313.270046294058 13.8712387797117 28.5397986877309 42.3495702397074
74000 74 0.364999999999998 3.1335515531162 0.383381689678128 0.512243757247353 287.552669871069 13.903298046033 28.4348063676131 42.505267189118
75000 75 0.369999999999998 3.15466628116037 0.97205562583479 0.506387308470283 299.219626915963 13.8928966925453 28.357595442101 42.6609641385287
76000 76 0.374999999999998 2.7556704182472 -0.03738539838705 0.0268424214345284 296.25583246332 13.9029250179253 28.1711344177613 42.8166610879394
77000 77 0.379999999999998 1.69223071695106 0.166367293800673 -0.206772918560448 306.392148155441 13.9281458468471 27.9663408590254 42.9723580373501
78000 78 0.384999999999998 2.5203140847091 0.166284648445123 0.564750408897063 304.891099086845 13.9080784778889 27.9882518058413 43.1280549867608
79000 79 0.389999999999998 1.86755716091436 -0.402491839724706 -0.279741401294242 291.910158445653 13.8859668903472 27.9094215078547 43.2837519361715
80000 80 0.394999999999998 1.55733028567173 -0.333752184593306 -0.0667235515863328 305.84609696579 13.8642871755095 27.8570549103744 43.4394488855822
81000 81 0.399999999999998 2.14410799088079 0.127506064586436 -0.0275779174975283 301.181662550719 13.8668843938963 27.7409445951556 43.5951458349929
82000 82 0.404999999999998 2.1754284455088 0.229544643309941 0.145809620338843 291.018285530922 13.8880795876581 27.6128308287665 43.7508427844036
83000 83 0.409999999999998 2.32124139750429 -0.00788049452013946 -0.075335481764493 310.962390920099 13.8594562084718 27.5085438301567 43.9065397338142
84000 84 0.414999999999998 2.10011367896712 0.039290896682992 0.159630696826078 294.800282816313 13.9031787262328 27.4037858888879 44.0622366832249
85000 85 0.419999999999998 2.74769341949769 0.349954981442319 -0.304321523238377 308.219455620667 13.8794512008413 27.306172127881 44.2179336326356
86000 86 0.424999999999998 2.78961118513084 0.303249245823084 0.385710697238733 300.187186833964 13.8518095009247 27.3224825683648 44.3736305820463
87000 87 0.429999999999998 1.31743897293417 -0.598308921542985 -1.00010208733333 293.805925496437 13.8713221761367 27.1262799025668 44.529327531457
88000 88 0.434999999999998 1.49768810374547 -0.629282319080206 -0.506388301301848 304.678797396485 13.8298491951973 27.0979622410588 44.6850244808677
89000 89 0.439999999999998 1.93585034271588 -0.315914645411853 -0.352381453359841 295.459828562368 13.8170047573511 27.0786913530096 44.8407214302784
90000 90 0.444999999999998 1.89013080435116 -0.49194941170551 -0.211388861850986 312.365479197266 13.8052175149362 26.9358644907127 44.9964183796891
91000 91 0.449999999999998 1.99726088291793 -0.388057168052351 -0.348681810144604 311.274028397438 13.7459938252615 26.9983968923536 45.1521153290998
92000 92 0.454999999999998 2.57627533815012 -0.142935450896204 -0.023462175696522 298.842895126861 13.7068751824341 26.9761474534887 45.3078122785104
93000 93 0.459999999999998 2.32497587357516 0.0954063013136697 0.437467169492204 304.250872802281 13.7140329947147 26.8705174482726 45.4635092279211
94000 94 0.464999999999998 1.35937121370008 -0.360086289909618 -0.990325159475635 297.011476735743 13.7544118384151 26.745018019301 45.6192061773318
95000 95 0.469999999999998 3.2763448622114 0.755532038719249 0.967288821574134 295.483799311287 13.7188642464117 26.8004995289786 45.7749031267425
96000 96 0.474999999999998 2.50920204247826 0.240023688948058 -0.0713736881170469 316.260597892253 13.6867037757023 26.7656199999446 45.9306000761532
97000 97 0.479999999999998 1.32445075680415 -0.807762518552172 -0.705941845776165 298.474694929483 13.5923660620664 26.8234728752597 46.0862970255639
98000 98 0.484999999999998 1.8532759166109 -0.613167575916907 -0.358651347454717 282.394592626561 13.5480130941335 26.7743011872715 46.2419939749746
99000 99 0.489999999999998 2.95276743730801 0.673109006776091 0.317447393433594 307.958158033313 13.6153356226104 26.6148580354749 46.3976909243853
100000 100 0.494999999999998 2.10753030945591 -0.297500846253576 -0.440957158043814 308.780291947344 13.6213565368302 26.468990773949 46.5533878737959
101000 101 0.499999999999998 1.71165336293922 -0.638528658682538 -0.834469285644937 290.57712756132 13.5734156959197 26.4711618761312 46.7090848232066
