# source /gauss9/home/cityu/chefan/scratch/run/lammps/calc/DPA/3.1/DPA1_7ele_cry260226/straining/20_20_40/300K/nose_hoover/sxx_0_syy_0_szz_1.0e9_sxy_0_sxz_0_syz_0/Ta/bcc_001/stress_info.dat
# axis z
# fit_points 5
# l0 43.35364663865312
# strain stress
0.0000000000e+00 0.0000000000e+00
1.1109490575e-04 4.9964699675e-01
3.1113712829e-04 -9.4096825773e-02
5.1121936327e-04 3.5195209685e-01
7.1134161870e-04 5.7746587457e-01
9.1150390259e-04 -2.3458375990e-01
1.1117062229e-03 7.1776512638e-01
1.3119485877e-03 4.1992540878e-01
1.5122310050e-03 3.2441885248e-02
1.7125534828e-03 8.5672421731e-01
1.9129160291e-03 2.1212462015e-01
2.1133186519e-03 3.2550898281e-01
2.3137613592e-03 8.3435610824e-01
2.5142441591e-03 2.2862031637e-01
2.7147670596e-03 5.4816683612e-01
2.9153300686e-03 7.6077192348e-01
3.1159331943e-03 1.5486873963e-01
3.3165764446e-03 9.4979856900e-01
3.5172598275e-03 5.6168115810e-01
3.7179833512e-03 3.0221915978e-01
3.9187470235e-03 1.1055035669e+00
4.1195508527e-03 4.2299338027e-01
4.3203948466e-03 6.4038619761e-01
4.5212790133e-03 1.0962938629e+00
4.7222033608e-03 3.3244753099e-01
4.9231678973e-03 9.6107824236e-01
5.1241726307e-03 9.3730649993e-01
5.3252175690e-03 5.0925329675e-01
5.5263027204e-03 1.1595793225e+00
5.7274280928e-03 8.0678195184e-01
5.9285936943e-03 7.1867252815e-01
6.1297995330e-03 1.2460571655e+00
6.3310456168e-03 6.4304958199e-01
6.5323319539e-03 9.7981767599e-01
6.7336585523e-03 1.2712889030e+00
6.9350254200e-03 6.0685592729e-01
7.1364325651e-03 1.3673804267e+00
7.3378799957e-03 1.0205339756e+00
7.5393677198e-03 8.2775353512e-01
7.7408957455e-03 1.4650608083e+00
7.9424640808e-03 9.1226595395e-01
8.1440727338e-03 1.2002472746e+00
8.3457217126e-03 1.3787819475e+00
8.5474110252e-03 9.4295616836e-01
8.7491406797e-03 1.4641230830e+00
8.9509106841e-03 1.2909716207e+00
9.1527210466e-03 1.0435410656e+00
9.3545717753e-03 1.5960334908e+00
9.5564628780e-03 1.1798856012e+00
9.7583943631e-03 1.3372130361e+00
9.9603662385e-03 1.6541635715e+00
1.0162378512e-02 1.1238504444e+00
1.0364431193e-02 1.6529067220e+00
1.0566524287e-02 1.3920359697e+00
1.0768657805e-02 1.3947991869e+00
1.0970831753e-02 1.6862834947e+00
1.1173046140e-02 1.3582582418e+00
1.1375300974e-02 1.6605102411e+00
1.1577596263e-02 1.5890193133e+00
1.1779932016e-02 1.4979357267e+00
1.1982308239e-02 1.7541690437e+00
1.2184724942e-02 1.6092890554e+00
1.2387182132e-02 1.6563964439e+00
1.2589679817e-02 1.8212343576e+00
1.2792218006e-02 1.5929411720e+00
1.2994796707e-02 1.8559083254e+00
1.3197415928e-02 1.7280710403e+00
1.3400075676e-02 1.7655667117e+00
1.3602775961e-02 1.9727148049e+00
1.3805516789e-02 1.6955898281e+00
1.4008298170e-02 1.9037942391e+00
1.4211120111e-02 1.9699949220e+00
1.4413982621e-02 1.8220618869e+00
1.4616885707e-02 2.0716788679e+00
1.4819829378e-02 1.8900034014e+00
1.5022813641e-02 1.8857437022e+00
1.5225838506e-02 2.2304670996e+00
1.5428903980e-02 1.8701824935e+00
1.5632010070e-02 2.1022277241e+00
1.5835156786e-02 2.1325284641e+00
1.6038344136e-02 1.9576932618e+00
1.6241572127e-02 2.2515687934e+00
1.6444840767e-02 2.0613720976e+00
1.6648150066e-02 2.0907483321e+00
1.6851500030e-02 2.3652551189e+00
1.7054890668e-02 2.1478490613e+00
1.7258321989e-02 2.2947745559e+00
1.7461794000e-02 2.3827728089e+00
1.7665306709e-02 2.1285572172e+00
1.7868860125e-02 2.4924878021e+00
1.8072454256e-02 2.2615184854e+00
1.8276089110e-02 2.2904330650e+00
1.8479764694e-02 2.4880030763e+00
1.8683481018e-02 2.2405745337e+00
1.8887238090e-02 2.5968370478e+00
1.9091035916e-02 2.4500767330e+00
1.9294874507e-02 2.3690648233e+00
1.9498753869e-02 2.6636739616e+00
1.9702674011e-02 2.4359508021e+00
1.9906634941e-02 2.5919546911e+00
2.0110636668e-02 2.7309734219e+00
2.0314679198e-02 2.4217461337e+00
2.0518762542e-02 2.8131516013e+00
2.0722886706e-02 2.5731353518e+00
2.0927051699e-02 2.5452406300e+00
2.1131257530e-02 2.9802063062e+00
2.1335504205e-02 2.4598651554e+00
2.1539791734e-02 2.8917830177e+00
2.1744120125e-02 2.8789067029e+00
2.1948489385e-02 2.5450201316e+00
2.2152899523e-02 3.1066865880e+00
2.2357350547e-02 2.7382393594e+00
2.2561842466e-02 2.8039339449e+00
2.2766375287e-02 3.1164709868e+00
2.2970949019e-02 2.7245087463e+00
2.3175563669e-02 3.1130313352e+00
2.3380219247e-02 2.9129520477e+00
2.3584915760e-02 2.9774107470e+00
2.3789653216e-02 3.1860005499e+00
2.3994431624e-02 2.7855844696e+00
2.4199250991e-02 3.2605164054e+00
2.4404111327e-02 3.1062795300e+00
2.4609012639e-02 2.9668359611e+00
2.4813954935e-02 3.4028909879e+00
2.5018938223e-02 2.9249648583e+00
2.5223962513e-02 3.3382960505e+00
2.5429027811e-02 3.2901880612e+00
2.5634134127e-02 3.0306570029e+00
2.5839281468e-02 3.5273875816e+00
2.6044469842e-02 3.0657340601e+00
2.6249699258e-02 3.3428260666e+00
2.6454969724e-02 3.4514346068e+00
2.6660281249e-02 3.2468368442e+00
2.6865633840e-02 3.6212592402e+00
2.7071027505e-02 3.3707401027e+00
2.7276462253e-02 3.3916827663e+00
2.7481938093e-02 3.7020283570e+00
2.7687455031e-02 3.1844142399e+00
2.7893013077e-02 3.7576136460e+00
2.8098612239e-02 3.5005639409e+00
2.8304252525e-02 3.4647255902e+00
2.8509933943e-02 3.7592691805e+00
2.8715656501e-02 3.4777138494e+00
2.8921420208e-02 3.7525953541e+00
2.9127225072e-02 3.8017383247e+00
2.9333071101e-02 3.5184320971e+00
2.9538958303e-02 3.9550822823e+00
2.9744886687e-02 3.6146922239e+00
2.9950856261e-02 3.7791678345e+00
3.0156867033e-02 4.0288556026e+00
3.0362919010e-02 3.5777914224e+00
3.0569012203e-02 4.0663801778e+00
3.0775146618e-02 3.8236488440e+00
3.0981322264e-02 3.8146143234e+00
3.1187539150e-02 4.0782746901e+00
3.1393797283e-02 3.8406229377e+00
3.1600096671e-02 4.0532943271e+00
3.1806437324e-02 3.9577880839e+00
3.2012819249e-02 3.9494396228e+00
3.2219242455e-02 4.2103505148e+00
3.2425706949e-02 3.8775232417e+00
3.2632212740e-02 4.2266213493e+00
3.2838759837e-02 4.1136148994e+00
3.3045348247e-02 4.0153349391e+00
3.3251977979e-02 4.4238559450e+00
3.3458649041e-02 3.9580180280e+00
3.3665361441e-02 4.4226677980e+00
3.3872115188e-02 4.1940172648e+00
3.4078910290e-02 4.1561939745e+00
3.4285746755e-02 4.3958782947e+00
3.4492624591e-02 4.1208950386e+00
3.4699543808e-02 4.4397015426e+00
3.4906504412e-02 4.3218523734e+00
3.5113506412e-02 4.2603967427e+00
3.5320549817e-02 4.6034499091e+00
3.5527634635e-02 4.2313043203e+00
3.5734760874e-02 4.6920590939e+00
3.5941928542e-02 4.4033996670e+00
3.6149137648e-02 4.5135084332e+00
3.6356388200e-02 4.6719102144e+00
3.6563680206e-02 4.4596511400e+00
3.6771013674e-02 4.6678374839e+00
3.6978388614e-02 4.5055122834e+00
3.7185805033e-02 4.7477796468e+00
3.7393262939e-02 4.6330427525e+00
3.7600762341e-02 4.6304176342e+00
3.7808303247e-02 4.8984986928e+00
3.8015885665e-02 4.5176765862e+00
3.8223509604e-02 4.9423366046e+00
3.8431175071e-02 4.8384749946e+00
3.8638882076e-02 4.6352669720e+00
3.8846630627e-02 5.0499970141e+00
3.9054420731e-02 4.6899912712e+00
3.9262252398e-02 4.9934057312e+00
3.9470125635e-02 4.8762154938e+00
3.9678040451e-02 4.8492931988e+00
3.9885996854e-02 5.1557720523e+00
4.0093994853e-02 4.7420476839e+00
4.0302034455e-02 5.1608690727e+00
4.0510115669e-02 5.0463415585e+00
4.0718238504e-02 4.9725284918e+00
4.0926402967e-02 5.2680640900e+00
4.1134609068e-02 4.9287858170e+00
4.1342856814e-02 5.2836364956e+00
4.1551146213e-02 5.2222577086e+00
4.1759477275e-02 5.1501046961e+00
4.1967850007e-02 5.3831330025e+00
4.2176264418e-02 5.1453150435e+00
4.2384720516e-02 5.4025542349e+00
4.2593218309e-02 5.2200721659e+00
4.2801757806e-02 5.3482329091e+00
4.3010339015e-02 5.3883707518e+00
4.3218961944e-02 5.3420583859e+00
4.3427626602e-02 5.4696161252e+00
4.3636332997e-02 5.3677524191e+00
4.3845081138e-02 5.4900497930e+00
4.4053871033e-02 5.4881643553e+00
4.4262702689e-02 5.4899494205e+00
4.4471576117e-02 5.4935843598e+00
4.4680491323e-02 5.5776863786e+00
4.4889448316e-02 5.5755670901e+00
4.5098447105e-02 5.5570900666e+00
4.5307487697e-02 5.6238436769e+00
4.5516570103e-02 5.6429299625e+00
4.5725694328e-02 5.6818107171e+00
4.5934860383e-02 5.7134353289e+00
4.6144068275e-02 5.7310013698e+00
4.6353318013e-02 5.8389633969e+00
4.6562609605e-02 5.7574327542e+00
4.6771943060e-02 5.7916182026e+00
4.6981318385e-02 5.9140425987e+00
4.7190735590e-02 5.8042643118e+00
4.7400194682e-02 5.9030629798e+00
4.7609695671e-02 5.8673928035e+00
4.7819238563e-02 5.9741730872e+00
4.8028823369e-02 5.9582242096e+00
4.8238450095e-02 6.0244152823e+00
4.8448118752e-02 5.9921050319e+00
4.8657829346e-02 6.0403463860e+00
4.8867581886e-02 6.1387167417e+00
4.9077376381e-02 6.0609065193e+00
4.9287212840e-02 6.1065934522e+00
4.9497091269e-02 6.2101520765e+00
4.9707011679e-02 6.1494872498e+00
4.9916974077e-02 6.1564108093e+00
5.0126978471e-02 6.2607097207e+00
5.0337024871e-02 6.2485973883e+00
5.0547113284e-02 6.2225577233e+00
5.0757243719e-02 6.4129359950e+00
5.0967416184e-02 6.2640598599e+00
5.1177630688e-02 6.3772590416e+00
5.1387887239e-02 6.4634050484e+00
5.1598185846e-02 6.4073343898e+00
5.1808526517e-02 6.4342327036e+00
5.2018909259e-02 6.5051280829e+00
5.2229334083e-02 6.5328258173e+00
5.2439800996e-02 6.4413609292e+00
5.2650310006e-02 6.7156321604e+00
5.2860861123e-02 6.4875494492e+00
5.3071454354e-02 6.6292779250e+00
5.3282089707e-02 6.6532900197e+00
5.3492767192e-02 6.4952554599e+00
5.3703486817e-02 6.8412934576e+00
5.3914248590e-02 6.6017012165e+00
5.4125052519e-02 6.8227397681e+00
5.4335898614e-02 6.7231887688e+00
5.4546786881e-02 6.7677761669e+00
5.4757717331e-02 6.9394030186e+00
5.4968689971e-02 6.6446189127e+00
5.5179704810e-02 7.1095280858e+00
5.5390761856e-02 6.7197528747e+00
5.5601861117e-02 7.0191913195e+00
5.5813002603e-02 6.9856189841e+00
5.6024186321e-02 6.8994119768e+00
5.6235412281e-02 7.1897843549e+00
5.6446680489e-02 6.9125753841e+00
5.6657990956e-02 7.2232319262e+00
5.6869343688e-02 6.9733315542e+00
5.7080738696e-02 7.0515466614e+00
5.7292175987e-02 7.3875860315e+00
5.7503655569e-02 6.9179053686e+00
5.7715177452e-02 7.4562349121e+00
5.7926741643e-02 7.1228080508e+00
5.8138348151e-02 7.1815972714e+00
5.8349996985e-02 7.4185613838e+00
5.8561688153e-02 7.1122149996e+00
5.8773421663e-02 7.5221951356e+00
5.8985197524e-02 7.2647264377e+00
5.9197015745e-02 7.5289741968e+00
5.9408876333e-02 7.3709553611e+00
5.9620779298e-02 7.4445196474e+00
5.9832724648e-02 7.5308944658e+00
6.0044712391e-02 7.3303776585e+00
6.0256742536e-02 7.7027744164e+00
6.0468815091e-02 7.4293731032e+00
6.0680930065e-02 7.6451070123e+00
6.0893087466e-02 7.6459029206e+00
6.1105287302e-02 7.4934458617e+00
6.1317529583e-02 7.8625563321e+00
6.1529814317e-02 7.5430108179e+00
6.1742141512e-02 7.8248122338e+00
6.1954511176e-02 7.7007094140e+00
6.2166923319e-02 7.7046564690e+00
6.2379377949e-02 7.8885550263e+00
6.2591875073e-02 7.7327902979e+00
6.2804414701e-02 7.9731542793e+00
6.3016996842e-02 7.8187104830e+00
6.3229621503e-02 7.9554143825e+00
6.3442288693e-02 7.9482948467e+00
6.3654998421e-02 7.9148738473e+00
6.3867750696e-02 8.0587564177e+00
6.4080545524e-02 7.9100212686e+00
6.4293382917e-02 8.0919387847e+00
6.4506262880e-02 8.0887704578e+00
6.4719185425e-02 8.1122755414e+00
6.4932150557e-02 8.1698456733e+00
6.5145158288e-02 8.1686974015e+00
6.5358208624e-02 8.2031282779e+00
6.5571301574e-02 8.2445130768e+00
6.5784437147e-02 8.1441950387e+00
6.5997615352e-02 8.3958949062e+00
6.6210836196e-02 8.1787014539e+00
6.6424099689e-02 8.5070583402e+00
6.6637405839e-02 8.2864765782e+00
6.6850754654e-02 8.3526098570e+00
6.7064146144e-02 8.4978605743e+00
6.7277580315e-02 8.3724625235e+00
6.7491057178e-02 8.5887456393e+00
6.7704576741e-02 8.4836635160e+00
6.7918139012e-02 8.5529179415e+00
6.8131744000e-02 8.5112239104e+00
6.8345391712e-02 8.5404547468e+00
6.8559082159e-02 8.6544716112e+00
6.8772815348e-02 8.5086616693e+00
6.8986591288e-02 8.8139393524e+00
6.9200409988e-02 8.4979894286e+00
6.9414271455e-02 8.8879553986e+00
6.9628175699e-02 8.7461170104e+00
6.9842122728e-02 8.7558525219e+00
7.0056112551e-02 8.8218618748e+00
7.0270145176e-02 8.7888707316e+00
7.0484220612e-02 8.9623053008e+00
7.0698338867e-02 8.8020470426e+00
7.0912499950e-02 9.0101087495e+00
7.1126703870e-02 8.8948604508e+00
7.1340950635e-02 8.9721560709e+00
7.1555240253e-02 9.0134763899e+00
7.1769572734e-02 8.9682896650e+00
7.1983948085e-02 9.1249422753e+00
7.2198366316e-02 8.9726203564e+00
7.2412827434e-02 9.1498203433e+00
7.2627331450e-02 9.1137862367e+00
7.2841878370e-02 9.1949016449e+00
7.3056468204e-02 9.2408576395e+00
7.3271100960e-02 9.2064367172e+00
7.3485776647e-02 9.1898853272e+00
7.3700495273e-02 9.3292046738e+00
7.3915256848e-02 9.2738699418e+00
7.4130061379e-02 9.3846057501e+00
7.4344908875e-02 9.3766383755e+00
7.4559799346e-02 9.3158741974e+00
7.4774732798e-02 9.5248111839e+00
7.4989709241e-02 9.3056559336e+00
7.5204728685e-02 9.6512799724e+00
7.5419791136e-02 9.3521741259e+00
7.5634896604e-02 9.6036338112e+00
7.5850045097e-02 9.5321452718e+00
7.6065236625e-02 9.6588534401e+00
7.6280471195e-02 9.6702641993e+00
7.6495748816e-02 9.6449636130e+00
7.6711069497e-02 9.7461882131e+00
7.6926433247e-02 9.6116216424e+00
7.7141840073e-02 9.8327544800e+00
7.7357289986e-02 9.6677381855e+00
7.7572782992e-02 1.0023876860e+01
7.7788319102e-02 9.6713700337e+00
7.8003898323e-02 9.9096199380e+00
7.8219520664e-02 9.8907492664e+00
7.8435186134e-02 9.8182154601e+00
7.8650894741e-02 1.0121942877e+01
7.8866646495e-02 9.7771943723e+00
7.9082441403e-02 1.0128600025e+01
7.9298279474e-02 9.8891737103e+00
7.9514160717e-02 1.0172834264e+01
7.9730085141e-02 1.0051905480e+01
7.9946052754e-02 1.0173417798e+01
8.0162063565e-02 1.0156234980e+01
8.0378117583e-02 1.0027334262e+01
8.0594214815e-02 1.0389042949e+01
8.0810355272e-02 1.0008308890e+01
8.1026538960e-02 1.0504655291e+01
8.1242765890e-02 1.0074699996e+01
8.1459036069e-02 1.0503051694e+01
8.1675349507e-02 1.0165426451e+01
8.1891706212e-02 1.0460804707e+01
8.2108106193e-02 1.0372805201e+01
8.2324549458e-02 1.0334325624e+01
8.2541036015e-02 1.0509397589e+01
8.2757565875e-02 1.0402036063e+01
8.2974139045e-02 1.0564749477e+01
8.3190755533e-02 1.0476551193e+01
8.3407415350e-02 1.0664517893e+01
8.3624118502e-02 1.0490199215e+01
8.3840865000e-02 1.0718974868e+01
8.4057654851e-02 1.0583744436e+01
8.4274488065e-02 1.0702004727e+01
8.4491364649e-02 1.0738627954e+01
8.4708284614e-02 1.0591003079e+01
8.4925247966e-02 1.0930523927e+01
8.5142254716e-02 1.0684197311e+01
8.5359304871e-02 1.0863676036e+01
8.5576398440e-02 1.0796485625e+01
8.5793535433e-02 1.0889156251e+01
8.6010715858e-02 1.0895243749e+01
8.6227939722e-02 1.0894641902e+01
8.6445207036e-02 1.1012155023e+01
8.6662517808e-02 1.0860983432e+01
8.6879872046e-02 1.1117381050e+01
8.7097269760e-02 1.0987531772e+01
8.7314710957e-02 1.1101225792e+01
8.7532195647e-02 1.1123332680e+01
8.7749723838e-02 1.1097074204e+01
8.7967295540e-02 1.1188079956e+01
8.8184910759e-02 1.1173007261e+01
8.8402569507e-02 1.1262347856e+01
8.8620271790e-02 1.1179354613e+01
8.8838017618e-02 1.1288740244e+01
8.9055807000e-02 1.1342991005e+01
8.9273639944e-02 1.1343175603e+01
8.9491516459e-02 1.1273163955e+01
8.9709436554e-02 1.1405052289e+01
8.9927400236e-02 1.1396297985e+01
9.0145407517e-02 1.1366057905e+01
9.0363458402e-02 1.1564145735e+01
9.0581552903e-02 1.1396379800e+01
9.0799691026e-02 1.1524688062e+01
9.1017872782e-02 1.1486752212e+01
9.1236098178e-02 1.1621409800e+01
9.1454367224e-02 1.1584312751e+01
9.1672679928e-02 1.1621568714e+01
9.1891036299e-02 1.1642220886e+01
9.2109436346e-02 1.1687484995e+01
9.2327880077e-02 1.1708512972e+01
9.2546367501e-02 1.1741344542e+01
9.2764898627e-02 1.1845111762e+01
9.2983473463e-02 1.1688458989e+01
9.3202092019e-02 1.1876470513e+01
9.3420754303e-02 1.1824672707e+01
9.3639460323e-02 1.1879333967e+01
9.3858210090e-02 1.1878606849e+01
9.4077003610e-02 1.1972855810e+01
9.4295840894e-02 1.1930421004e+01
9.4514721950e-02 1.2001724765e+01
9.4733646786e-02 1.1971775512e+01
9.4952615411e-02 1.2014681379e+01
9.5171627835e-02 1.2118124904e+01
9.5390684065e-02 1.1987787178e+01
9.5609784111e-02 1.2210848222e+01
9.5828927982e-02 1.2014448517e+01
9.6048115686e-02 1.2244036337e+01
9.6267347231e-02 1.2153930121e+01
9.6486622627e-02 1.2288349522e+01
9.6705941883e-02 1.2169066615e+01
9.6925305007e-02 1.2303640763e+01
9.7144712008e-02 1.2208841554e+01
9.7364162895e-02 1.2307985399e+01
9.7583657676e-02 1.2387394415e+01
9.7803196361e-02 1.2357069433e+01
9.8022778958e-02 1.2409124394e+01
9.8242405475e-02 1.2325197510e+01
9.8462075923e-02 1.2559426620e+01
9.8681790309e-02 1.2225143779e+01
9.8901548642e-02 1.2673318532e+01
9.9121350931e-02 1.2403410040e+01
9.9341197185e-02 1.2623358746e+01
9.9561087413e-02 1.2449242191e+01
9.9781021623e-02 1.2630845586e+01
1.0000099982e-01 1.2507446824e+01
1.0022102203e-01 1.2635803462e+01
1.0044108824e-01 1.2628838780e+01
1.0066119846e-01 1.2589953135e+01
1.0088135272e-01 1.2703959763e+01
1.0110155101e-01 1.2706453397e+01
1.0132179334e-01 1.2801003740e+01
1.0154207973e-01 1.2698412198e+01
1.0176241018e-01 1.2834658510e+01
1.0198278470e-01 1.2674117325e+01
1.0220320329e-01 1.2936408686e+01
1.0242366598e-01 1.2762980895e+01
1.0264417276e-01 1.2987553513e+01
1.0286472365e-01 1.2855910078e+01
1.0308531866e-01 1.3040366901e+01
1.0330595778e-01 1.2906146182e+01
1.0352664104e-01 1.3047704764e+01
1.0374736844e-01 1.3042021568e+01
1.0396813999e-01 1.3030302052e+01
1.0418895570e-01 1.3109121470e+01
1.0440981558e-01 1.3017339657e+01
1.0463071963e-01 1.3192711456e+01
1.0485166787e-01 1.2970124704e+01
1.0507266030e-01 1.3346985300e+01
1.0529369693e-01 1.2966786366e+01
1.0551477778e-01 1.3324623304e+01
1.0573590285e-01 1.3150113082e+01
1.0595707215e-01 1.3294291894e+01
1.0617828568e-01 1.3182302261e+01
1.0639954346e-01 1.3302247675e+01
1.0662084550e-01 1.3302872714e+01
1.0684219180e-01 1.3328018849e+01
1.0706358238e-01 1.3398068247e+01
1.0728501724e-01 1.3383581791e+01
1.0750649639e-01 1.3372589342e+01
1.0772801984e-01 1.3272155503e+01
1.0794958760e-01 1.3538429478e+01
1.0817119968e-01 1.3334133258e+01
1.0839285608e-01 1.3580083151e+01
1.0861455682e-01 1.3323484669e+01
1.0883630191e-01 1.3544746728e+01
1.0905809135e-01 1.3447483827e+01
1.0927992515e-01 1.3543226854e+01
1.0950180332e-01 1.3513743482e+01
1.0972372587e-01 1.3622810633e+01
1.0994569281e-01 1.3399322156e+01
1.1016770415e-01 1.3645655640e+01
1.1038975990e-01 1.3589761550e+01
1.1061186006e-01 1.3697741475e+01
1.1083400465e-01 1.3522283215e+01
1.1105619367e-01 1.3831889837e+01
1.1127842713e-01 1.3612160940e+01
1.1150070504e-01 1.3832712489e+01
1.1172302741e-01 1.3738923610e+01
1.1194539425e-01 1.3850928517e+01
1.1216780557e-01 1.3732882336e+01
1.1239026138e-01 1.3851136014e+01
1.1261276168e-01 1.3752675887e+01
1.1283530649e-01 1.3801415435e+01
1.1305789581e-01 1.3909274011e+01
1.1328052965e-01 1.3898151687e+01
1.1350320802e-01 1.3961333615e+01
1.1372593093e-01 1.3760712496e+01
1.1394869840e-01 1.4070733020e+01
1.1417151042e-01 1.3797331767e+01
1.1439436700e-01 1.4065226151e+01
1.1461726817e-01 1.3791057503e+01
1.1484021391e-01 1.4119669698e+01
1.1506320425e-01 1.3833493656e+01
1.1528623920e-01 1.4159340812e+01
1.1550931875e-01 1.3910894346e+01
1.1573244293e-01 1.4107358572e+01
1.1595561173e-01 1.3943316614e+01
1.1617882518e-01 1.4143343098e+01
1.1640208327e-01 1.3999768077e+01
1.1662538601e-01 1.4172263210e+01
1.1684873342e-01 1.4026372330e+01
1.1707212551e-01 1.4118321894e+01
1.1729556228e-01 1.4066049946e+01
1.1751904374e-01 1.4171671126e+01
1.1774256990e-01 1.4153714376e+01
1.1796614077e-01 1.4106802128e+01
1.1818975636e-01 1.4360301609e+01
1.1841341667e-01 1.4110312189e+01
1.1863712173e-01 1.4283511805e+01
1.1886087152e-01 1.4256257583e+01
1.1908466608e-01 1.4307961455e+01
1.1930850539e-01 1.4007039119e+01
1.1953238948e-01 1.4324468790e+01
1.1975631835e-01 1.4300350497e+01
1.1998029201e-01 1.4351927617e+01
1.2020431047e-01 1.4129964276e+01
1.2042837374e-01 1.4482639360e+01
1.2065248182e-01 1.4240429768e+01
1.2087663474e-01 1.4301218744e+01
1.2110083248e-01 1.4266397993e+01
1.2132507507e-01 1.4526006019e+01
1.2154936251e-01 1.4311483021e+01
1.2177369482e-01 1.4479746002e+01
1.2199807200e-01 1.4290709222e+01
1.2222249405e-01 1.4493003194e+01
1.2244696100e-01 1.4450274440e+01
1.2267147284e-01 1.4456586961e+01
1.2289602959e-01 1.4256773489e+01
1.2312063125e-01 1.4495229743e+01
1.2334527784e-01 1.4280526569e+01
1.2356996937e-01 1.4504833952e+01
1.2379470583e-01 1.4276404228e+01
1.2401948725e-01 1.4476795895e+01
1.2424431363e-01 1.4144790890e+01
1.2446918498e-01 1.4302142989e+01
1.2469410131e-01 1.4260014891e+01
1.2491906263e-01 1.4588196001e+01
1.2514406894e-01 1.4379356421e+01
1.2536912026e-01 1.4460212529e+01
1.2559421659e-01 1.4337781462e+01
1.2581935795e-01 1.4299577756e+01
1.2604454433e-01 1.4282831409e+01
1.2626977577e-01 1.4313151404e+01
1.2649505225e-01 1.4365515352e+01
1.2672037379e-01 1.4355656357e+01
1.2694574040e-01 1.4395740849e+01
1.2717115209e-01 1.4389635429e+01
1.2739660886e-01 1.4383843527e+01
1.2762211074e-01 1.4019040404e+01
1.2784765771e-01 1.3840509623e+01
1.2807324980e-01 1.3292140541e+01
1.2829888701e-01 1.3244998767e+01
1.2852456936e-01 1.2095679097e+01
1.2875029685e-01 1.1518639554e+01
1.2897606948e-01 1.0283536342e+01
1.2920188728e-01 8.9249514096e+00
1.2942775024e-01 7.6708302274e+00
1.2965365838e-01 5.7496178991e+00
1.2987961171e-01 5.2839348904e+00
1.3010561023e-01 5.4599583471e+00
1.3033165395e-01 5.5106178427e+00
1.3055774289e-01 5.6863421452e+00
1.3078387705e-01 5.8301785800e+00
1.3101005645e-01 5.9493380768e+00
1.3123628108e-01 5.8740630978e+00
1.3146255096e-01 6.0022336739e+00
1.3168886610e-01 6.0638396084e+00
1.3191522651e-01 6.1103787176e+00
1.3214163220e-01 5.9929775182e+00
1.3236808317e-01 5.9853739710e+00
1.3259457943e-01 6.1692029769e+00
1.3282112100e-01 6.1588190913e+00
1.3304770788e-01 6.1800441480e+00
1.3327434009e-01 6.0926527845e+00
1.3350101762e-01 6.3242356491e+00
1.3372774050e-01 6.0586515217e+00
1.3395450872e-01 6.3345601168e+00
1.3418132230e-01 6.3343419196e+00
1.3440818125e-01 6.2475881175e+00
1.3463508558e-01 6.3980269223e+00
1.3486203529e-01 6.2289993067e+00
1.3508903040e-01 6.3920835392e+00
1.3531607091e-01 6.5367796885e+00
1.3554315683e-01 6.3202800522e+00
1.3577028817e-01 6.4132775493e+00
1.3599746495e-01 6.4468675678e+00
1.3622468716e-01 6.5856363648e+00
1.3645195482e-01 6.5442118289e+00
1.3667926795e-01 6.4551128261e+00
1.3690662653e-01 6.6435018274e+00
1.3713403060e-01 6.4189523780e+00
1.3736148015e-01 6.7624435437e+00
1.3758897519e-01 6.7062219539e+00
1.3781651574e-01 6.6596883899e+00
1.3804410180e-01 6.8380940239e+00
1.3827173339e-01 6.5009371523e+00
1.3849941050e-01 6.8431386863e+00
1.3872713315e-01 6.8055067733e+00
1.3895490136e-01 6.8920056100e+00
1.3918271512e-01 6.8287460577e+00
1.3941057445e-01 6.7585024236e+00
1.3963847935e-01 6.9733473394e+00
1.3986642984e-01 6.8602510962e+00
1.4009442593e-01 6.9427805671e+00
1.4032246761e-01 7.0957860922e+00
1.4055055492e-01 6.9019364606e+00
1.4077868784e-01 7.0815801766e+00
1.4100686639e-01 7.0446021518e+00
1.4123509059e-01 7.1006485134e+00
1.4146336043e-01 7.1185934994e+00
1.4169167594e-01 7.1578419117e+00
1.4192003711e-01 7.1617787086e+00
1.4214844395e-01 7.1673637022e+00
1.4237689649e-01 7.2351906891e+00
1.4260539472e-01 7.1706137232e+00
1.4283393865e-01 7.3062694464e+00
1.4306252829e-01 7.2540868785e+00
1.4329116366e-01 7.3602341831e+00
1.4351984476e-01 7.4363279566e+00
1.4374857160e-01 7.4250188420e+00
1.4397734419e-01 7.4200916239e+00
1.4420616254e-01 7.4394390545e+00
1.4443502666e-01 7.4012066041e+00
1.4466393656e-01 7.5843219968e+00
1.4489289224e-01 7.4438656790e+00
1.4512189372e-01 7.6273412514e+00
1.4535094100e-01 7.5134714378e+00
1.4558003410e-01 7.6397585629e+00
1.4580917302e-01 7.8223539206e+00
1.4603835777e-01 7.3281693678e+00
1.4626758836e-01 7.8623627540e+00
1.4649686481e-01 7.6093987511e+00
1.4672618711e-01 7.8072949523e+00
1.4695555529e-01 7.7724985889e+00
1.4718496934e-01 7.6664046698e+00
1.4741442928e-01 7.8710851782e+00
1.4764393511e-01 7.6628688099e+00
1.4787348685e-01 7.9970492600e+00
1.4810308451e-01 7.8499792628e+00
1.4833272809e-01 7.9917066983e+00
1.4856241760e-01 7.9762188894e+00
1.4879215306e-01 7.8151714627e+00
1.4902193447e-01 8.0929122105e+00
1.4925176184e-01 7.9245910992e+00
1.4948163518e-01 8.1594401323e+00
1.4971155449e-01 7.9676454198e+00
1.4994151980e-01 8.1250110704e+00
1.5017153111e-01 8.3272577903e+00
1.5040158842e-01 8.0296468810e+00
1.5063169174e-01 8.3456481913e+00
1.5086184110e-01 8.0366597260e+00
1.5109203648e-01 8.3725521866e+00
1.5132227791e-01 8.2047471880e+00
1.5155256540e-01 8.2876710925e+00
1.5178289894e-01 8.4874686604e+00
1.5201327856e-01 8.1307415492e+00
1.5224370426e-01 8.5118747498e+00
1.5247417604e-01 8.2129801030e+00
1.5270469393e-01 8.5172288100e+00
1.5293525793e-01 8.4507454501e+00
1.5316586804e-01 8.4405677659e+00
1.5339652428e-01 8.6301059252e+00
1.5362722665e-01 8.3814615143e+00
1.5385797517e-01 8.7098810515e+00
1.5408876984e-01 8.4572938846e+00
1.5431961068e-01 8.6086678972e+00
1.5455049769e-01 8.7112400166e+00
1.5478143088e-01 8.6103766787e+00
1.5501241027e-01 8.8026053911e+00
1.5524343585e-01 8.5356630129e+00
1.5547450764e-01 8.8174141672e+00
1.5570562566e-01 8.6989272364e+00
1.5593678990e-01 8.7652615452e+00
1.5616800038e-01 8.9857202319e+00
1.5639925710e-01 8.7481711414e+00
1.5663056008e-01 8.9495444875e+00
1.5686190933e-01 8.7326842859e+00
1.5709330485e-01 9.0112728360e+00
1.5732474665e-01 8.9572796423e+00
1.5755623475e-01 9.0703040517e+00
1.5778776915e-01 9.0275283649e+00
1.5801934986e-01 8.9321881942e+00
1.5825097689e-01 9.1288293232e+00
1.5848265025e-01 9.0714103341e+00
1.5871436996e-01 9.1879653094e+00
1.5894613601e-01 9.1425969818e+00
1.5917794841e-01 9.0735889754e+00
1.5940980719e-01 9.3460654896e+00
1.5964171234e-01 9.1593290039e+00
1.5987366388e-01 9.3442871431e+00
1.6010566181e-01 9.2603855831e+00
1.6033770614e-01 9.2025609750e+00
1.6056979689e-01 9.3979380252e+00
1.6080193407e-01 9.3653583336e+00
1.6103411767e-01 9.4634646825e+00
1.6126634772e-01 9.3574651621e+00
1.6149862421e-01 9.4949423209e+00
1.6173094717e-01 9.4409719089e+00
1.6196331659e-01 9.5113473566e+00
1.6219573250e-01 9.5802864364e+00
1.6242819489e-01 9.4118663897e+00
1.6266070378e-01 9.7366737351e+00
1.6289325917e-01 9.4798407876e+00
1.6312586109e-01 9.9228251978e+00
1.6335850952e-01 9.5252262848e+00
1.6359120449e-01 9.7342764445e+00
1.6382394601e-01 9.6126681132e+00
1.6405673407e-01 9.6332519077e+00
1.6428956870e-01 1.0047983879e+01
1.6452244990e-01 9.6495735017e+00
1.6475537769e-01 1.0011896814e+01
1.6498835206e-01 9.6595204951e+00
1.6522137303e-01 9.9036934000e+00
1.6545444061e-01 9.8985084276e+00
1.6568755481e-01 9.9769477409e+00
1.6592071564e-01 1.0023040086e+01
1.6615392310e-01 9.8701125170e+00
1.6638717721e-01 1.0153532131e+01
1.6662047797e-01 9.8336155812e+00
1.6685382540e-01 1.0236719650e+01
1.6708721951e-01 9.9738536331e+00
1.6732066029e-01 1.0158687555e+01
1.6755414777e-01 1.0223470289e+01
1.6778768196e-01 1.0098813613e+01
1.6802126285e-01 1.0329741117e+01
1.6825489046e-01 1.0161199458e+01
1.6848856481e-01 1.0392593592e+01
1.6872228589e-01 1.0120470139e+01
1.6895605373e-01 1.0355782973e+01
1.6918986832e-01 1.0342980071e+01
1.6942372968e-01 1.0320013310e+01
1.6965763781e-01 1.0608602928e+01
1.6989159274e-01 1.0240345999e+01
1.7012559445e-01 1.0496966065e+01
1.7035964298e-01 1.0419469168e+01
1.7059373831e-01 1.0469431411e+01
1.7082788047e-01 1.0561907614e+01
1.7106206947e-01 1.0543616247e+01
1.7129630531e-01 1.0684515778e+01
1.7153058799e-01 1.0418847369e+01
1.7176491754e-01 1.0769491056e+01
1.7199929396e-01 1.0495746491e+01
1.7223371726e-01 1.0812722174e+01
1.7246818745e-01 1.0673618559e+01
1.7270270454e-01 1.0766161125e+01
1.7293726854e-01 1.0804360959e+01
1.7317187945e-01 1.0695206641e+01
1.7340653729e-01 1.0924879340e+01
1.7364124207e-01 1.0829262463e+01
1.7387599379e-01 1.0903505089e+01
1.7411079247e-01 1.0793080996e+01
1.7434563811e-01 1.0915189970e+01
1.7458053073e-01 1.0900219721e+01
1.7481547033e-01 1.0979220373e+01
1.7505045692e-01 1.1043389544e+01
1.7528549052e-01 1.0887076102e+01
1.7552057112e-01 1.1127578202e+01
1.7575569875e-01 1.0916929722e+01
1.7599087340e-01 1.1105296116e+01
1.7622609510e-01 1.1073796837e+01
1.7646136384e-01 1.1260009119e+01
1.7669667965e-01 1.1069707881e+01
1.7693204252e-01 1.1207643273e+01
1.7716745247e-01 1.1246281805e+01
1.7740290950e-01 1.1128305821e+01
1.7763841364e-01 1.1333627494e+01
1.7787396487e-01 1.1207395793e+01
1.7810956322e-01 1.1461976136e+01
1.7834520870e-01 1.1287361196e+01
1.7858090131e-01 1.1454273345e+01
1.7881664106e-01 1.1411192189e+01
1.7905242797e-01 1.1348253507e+01
1.7928826204e-01 1.1540511192e+01
1.7952414328e-01 1.1354649930e+01
1.7976007170e-01 1.1593689045e+01
1.7999604731e-01 1.1453730015e+01
1.8023207012e-01 1.1506299082e+01
1.8046814014e-01 1.1585430621e+01
1.8070425738e-01 1.1565829481e+01
1.8094042185e-01 1.1672934765e+01
1.8117663355e-01 1.1519549816e+01
1.8141289250e-01 1.1688764290e+01
1.8164919871e-01 1.1656742531e+01
1.8188555219e-01 1.1775918346e+01
1.8212195294e-01 1.1749499466e+01
1.8235840097e-01 1.1731736629e+01
1.8259489630e-01 1.1857434652e+01
1.8283143893e-01 1.1698684832e+01
1.8306802888e-01 1.1820772563e+01
1.8330466615e-01 1.1831279414e+01
1.8354135075e-01 1.1974563868e+01
1.8377808269e-01 1.1965830484e+01
1.8401486198e-01 1.1938191779e+01
1.8425168864e-01 1.2033122229e+01
1.8448856266e-01 1.1970768690e+01
1.8472548407e-01 1.2044577886e+01
1.8496245286e-01 1.1961436622e+01
1.8519946905e-01 1.2024057123e+01
1.8543653265e-01 1.2059865105e+01
1.8567364367e-01 1.2222537965e+01
1.8591080211e-01 1.2114243156e+01
1.8614800799e-01 1.2139609932e+01
1.8638526132e-01 1.2135598871e+01
1.8662256210e-01 1.2229162778e+01
1.8685991035e-01 1.2193065117e+01
1.8709730607e-01 1.2281840886e+01
1.8733474927e-01 1.2239739832e+01
1.8757223997e-01 1.2250398088e+01
1.8780977817e-01 1.2424861732e+01
1.8804736388e-01 1.2344594156e+01
1.8828499712e-01 1.2338316604e+01
1.8852267789e-01 1.2315692269e+01
1.8876040619e-01 1.2347818960e+01
1.8899818205e-01 1.2440078287e+01
1.8923600547e-01 1.2409070611e+01
1.8947387646e-01 1.2549481348e+01
1.8971179502e-01 1.2514811302e+01
1.8994976118e-01 1.2548946708e+01
1.9018777493e-01 1.2393450310e+01
1.9042583629e-01 1.2521442381e+01
1.9066394527e-01 1.2551966180e+01
1.9090210187e-01 1.2653957215e+01
1.9114030611e-01 1.2632106389e+01
1.9137855800e-01 1.2609201221e+01
1.9161685754e-01 1.2627271406e+01
1.9185520474e-01 1.2629068909e+01
1.9209359962e-01 1.2655786020e+01
1.9233204219e-01 1.2696451381e+01
1.9257053244e-01 1.2791457873e+01
1.9280907040e-01 1.2783730280e+01
1.9304765608e-01 1.2772810712e+01
1.9328628947e-01 1.2813848705e+01
1.9352497059e-01 1.2766649067e+01
1.9376369946e-01 1.2906334252e+01
1.9400247608e-01 1.2813992700e+01
1.9424130045e-01 1.2916952772e+01
1.9448017260e-01 1.2655407636e+01
1.9471909253e-01 1.2927576841e+01
1.9495806024e-01 1.2815758795e+01
1.9519707575e-01 1.3118265889e+01
1.9543613907e-01 1.2943286677e+01
1.9567525021e-01 1.3069110565e+01
1.9591440918e-01 1.3043681039e+01
1.9615361598e-01 1.2906319062e+01
1.9639287063e-01 1.2954081278e+01
1.9663217313e-01 1.3065765671e+01
1.9687152350e-01 1.3133101140e+01
1.9711092174e-01 1.3042157948e+01
1.9735036787e-01 1.3160653581e+01
1.9758986189e-01 1.2976433636e+01
1.9782940382e-01 1.3156547631e+01
1.9806899366e-01 1.3174475291e+01
1.9830863142e-01 1.3286528471e+01
1.9854831711e-01 1.3075768152e+01
1.9878805075e-01 1.3109763038e+01
1.9902783234e-01 1.2990501154e+01
1.9926766189e-01 1.3173141480e+01
1.9950753941e-01 1.3326387324e+01
1.9974746491e-01 1.3385539086e+01
1.9998743840e-01 1.3185154639e+01
2.0022745988e-01 1.3040506193e+01
2.0046752938e-01 1.3180082036e+01
2.0070764690e-01 1.2973656129e+01
2.0094781244e-01 1.3238838410e+01
2.0118802603e-01 1.3242218869e+01
2.0142828766e-01 1.3417734455e+01
2.0166859735e-01 1.3223160417e+01
2.0190895510e-01 1.3491880073e+01
2.0214936093e-01 1.3021758088e+01
2.0238981485e-01 1.3126176271e+01
2.0263031686e-01 1.3009284609e+01
2.0287086698e-01 1.3100902767e+01
2.0311146521e-01 1.2970805879e+01
2.0335211157e-01 1.2957487633e+01
2.0359280606e-01 1.2883684881e+01
2.0383354869e-01 1.2688133096e+01
2.0407433948e-01 1.2668789515e+01
2.0431517843e-01 1.2461776530e+01
2.0455606556e-01 1.2364003967e+01
2.0479700086e-01 1.1684693894e+01
2.0503798436e-01 1.1230193770e+01
2.0527901606e-01 1.0069188260e+01
2.0552009597e-01 8.9910420114e+00
2.0576122410e-01 7.1171324655e+00
2.0600240046e-01 5.5347411027e+00
2.0624362506e-01 4.5252909197e+00
2.0648489791e-01 4.2640610502e+00
2.0672621903e-01 4.1608778159e+00
2.0696758841e-01 4.4710663980e+00
2.0720900606e-01 4.6250559556e+00
2.0745047201e-01 4.5985144267e+00
2.0769198626e-01 4.6961707917e+00
2.0793354881e-01 4.7769368726e+00
2.0817515968e-01 4.7545677504e+00
2.0841681888e-01 4.8510356103e+00
2.0865852641e-01 4.8939340461e+00
2.0890028229e-01 4.7928233299e+00
2.0914208653e-01 5.0693379762e+00
2.0938393913e-01 4.8954329341e+00
2.0962584010e-01 5.0772438121e+00
2.0986778947e-01 5.2495080991e+00
2.1010978722e-01 4.8635487771e+00
2.1035183338e-01 5.1675309109e+00
2.1059392796e-01 4.9622151217e+00
2.1083607096e-01 5.2084051839e+00
2.1107826239e-01 5.2958485196e+00
2.1132050227e-01 4.9476550274e+00
2.1156279060e-01 5.3671678273e+00
2.1180512739e-01 5.0505766361e+00
2.1204751265e-01 5.2199041522e+00
2.1228994640e-01 5.4354183776e+00
2.1253242863e-01 5.0499079367e+00
2.1277495937e-01 5.5235300791e+00
2.1301753862e-01 5.3693961255e+00
2.1326016639e-01 5.4551683992e+00
2.1350284269e-01 5.3941435330e+00
2.1374556753e-01 5.2007366329e+00
2.1398834092e-01 5.4972869261e+00
2.1423116287e-01 5.2874061628e+00
2.1447403339e-01 5.6388807868e+00
2.1471695249e-01 5.4874089749e+00
2.1495992017e-01 5.3983304286e+00
2.1520293646e-01 5.7066830360e+00
2.1544600135e-01 5.3978242098e+00
2.1568911486e-01 5.7246686695e+00
2.1593227700e-01 5.7097795050e+00
2.1617548777e-01 5.6911292854e+00
2.1641874720e-01 5.7722027215e+00
2.1666205528e-01 5.6539508106e+00
2.1690541202e-01 5.8654077478e+00
2.1714881744e-01 5.6508963347e+00
2.1739227155e-01 5.7818719963e+00
2.1763577436e-01 5.8548683043e+00
2.1787932587e-01 5.5968769968e+00
2.1812292609e-01 6.1595248483e+00
2.1836657504e-01 5.6934721760e+00
2.1861027272e-01 6.1237992835e+00
2.1885401915e-01 5.9112285265e+00
2.1909781433e-01 5.7936862115e+00
2.1934165828e-01 6.2068416668e+00
2.1958555100e-01 5.9312581997e+00
2.1982949250e-01 6.2087169534e+00
2.2007348280e-01 6.0817574325e+00
2.2031752190e-01 5.9751883112e+00
2.2056160981e-01 6.2353941930e+00
2.2080574655e-01 5.9888862718e+00
