# source /gauss9/home/cityu/chefan/scratch/run/lammps/calc/DPA/3.1/DPA1_7ele_cry260226/straining/20_20_40/300K/nose_hoover/sxx_0_syy_0_szz_1.0e9_sxy_0_sxz_0_syz_0/Zr/hcp_0001/stress_info.dat
# axis z
# fit_points 5
# l0 41.80280759061324
# strain stress
0.0000000000e+00 0.0000000000e+00
7.0630786070e-05 -3.4621773946e-02
2.7066491497e-04 -2.8370428840e-02
4.7073905470e-04 5.7457284739e-02
6.7085321326e-04 1.4103456308e-01
8.7100739866e-04 2.6497370533e-01
1.0712016189e-03 2.8488873174e-01
1.2714358820e-03 2.6341790615e-01
1.4717101959e-03 2.3566776600e-01
1.6720245687e-03 1.4895497257e-01
1.8723790084e-03 1.4924425085e-01
2.0727735230e-03 2.0846323556e-01
2.2732081205e-03 3.4270725073e-01
2.4736828089e-03 4.1433739672e-01
2.6741975963e-03 4.1582723798e-01
2.8747524906e-03 3.2142876262e-01
3.0753475000e-03 3.1459250528e-01
3.2759826323e-03 3.4942548266e-01
3.4766578957e-03 4.9080493525e-01
3.6773732981e-03 5.3631696198e-01
3.8781288477e-03 5.3577674770e-01
4.0789245524e-03 4.9188355982e-01
4.2797604202e-03 4.6891368027e-01
4.4806364592e-03 4.1531943942e-01
4.6815526774e-03 4.6721595554e-01
4.8825090830e-03 5.5205936715e-01
5.0835056838e-03 6.8289724746e-01
5.2845424879e-03 6.9339507121e-01
5.4856195034e-03 7.3064189474e-01
5.6867367384e-03 6.6870213955e-01
5.8878942008e-03 6.8037989118e-01
6.0890918988e-03 7.0621096656e-01
6.2903298403e-03 7.0870752063e-01
6.4916080334e-03 7.9722383160e-01
6.6929264862e-03 8.4794686088e-01
6.8942852067e-03 9.3106782369e-01
7.0956842029e-03 8.7396748328e-01
7.2971234830e-03 8.3223820343e-01
7.4986030550e-03 8.6102989767e-01
7.7001229269e-03 8.6101727969e-01
7.9016831069e-03 9.6138969103e-01
8.1032836029e-03 9.8066376821e-01
8.3049244230e-03 1.0232590409e+00
8.5066055753e-03 1.0328410432e+00
8.7083270679e-03 1.0369370638e+00
8.9100889088e-03 1.0731119649e+00
9.1118911062e-03 1.0511888324e+00
9.3137336680e-03 1.0983944047e+00
9.5156166023e-03 1.1264462937e+00
9.7175399173e-03 1.0773877672e+00
9.9195036210e-03 1.1065578907e+00
1.0121507721e-02 1.1497591461e+00
1.0323552227e-02 1.2666597274e+00
1.0525637145e-02 1.3395572104e+00
1.0727762484e-02 1.2710032262e+00
1.0929928253e-02 1.3077565786e+00
1.1132134458e-02 1.2776513835e+00
1.1334381109e-02 1.2606828408e+00
1.1536668213e-02 1.2936072649e+00
1.1738995779e-02 1.3508489644e+00
1.1941363814e-02 1.3355552721e+00
1.2143772327e-02 1.3641806555e+00
1.2346221326e-02 1.5106225508e+00
1.2548710819e-02 1.5099729791e+00
1.2751240813e-02 1.5323267131e+00
1.2953811318e-02 1.5207320144e+00
1.3156422340e-02 1.5206245270e+00
1.3359073889e-02 1.5473551156e+00
1.3561765973e-02 1.5743964953e+00
1.3764498598e-02 1.6453915889e+00
1.3967271775e-02 1.6575879632e+00
1.4170085510e-02 1.6296088835e+00
1.4372939812e-02 1.6737231222e+00
1.4575834688e-02 1.6204536064e+00
1.4778770148e-02 1.6385754316e+00
1.4981746199e-02 1.8069744364e+00
1.5184762849e-02 1.8655468620e+00
1.5387820107e-02 1.8681117344e+00
1.5590917980e-02 1.8248107306e+00
1.5794056477e-02 1.7965645308e+00
1.5997235605e-02 1.7585870810e+00
1.6200455374e-02 1.7607688323e+00
1.6403715790e-02 1.8862881140e+00
1.6607016863e-02 1.9808563600e+00
1.6810358600e-02 2.0135149097e+00
1.7013741009e-02 1.9613962452e+00
1.7217164099e-02 1.9081566062e+00
1.7420627877e-02 1.9022202557e+00
1.7624132353e-02 1.9953108283e+00
1.7827677533e-02 2.0768289679e+00
1.8031263426e-02 2.1553189348e+00
1.8234890041e-02 2.0910473969e+00
1.8438557385e-02 2.1085170999e+00
1.8642265467e-02 2.1019461255e+00
1.8846014294e-02 2.0792026355e+00
1.9049803875e-02 2.1112766280e+00
1.9253634218e-02 2.2022813024e+00
1.9457505332e-02 2.2647643851e+00
1.9661417223e-02 2.2602456760e+00
1.9865369901e-02 2.2419474708e+00
2.0069363374e-02 2.2791334145e+00
2.0273397649e-02 2.3408306887e+00
2.0477472736e-02 2.3822525987e+00
2.0681588641e-02 2.3962266082e+00
2.0885745374e-02 2.3986507996e+00
2.1089942942e-02 2.3664400006e+00
2.1294181354e-02 2.3972385936e+00
2.1498460617e-02 2.4952354531e+00
2.1702780741e-02 2.4939817907e+00
2.1907141732e-02 2.5654393629e+00
2.2111543600e-02 2.5287532778e+00
2.2315986352e-02 2.5366118544e+00
2.2520469997e-02 2.4892764779e+00
2.2724994543e-02 2.5615697657e+00
2.2929559998e-02 2.6278030520e+00
2.3134166370e-02 2.7215576934e+00
2.3338813667e-02 2.6463680640e+00
2.3543501898e-02 2.6552354001e+00
2.3748231071e-02 2.6954062440e+00
2.3953001193e-02 2.7231419111e+00
2.4157812274e-02 2.7892792971e+00
2.4362664321e-02 2.7660209259e+00
2.4567557342e-02 2.7810841929e+00
2.4772491347e-02 2.8427433450e+00
2.4977466342e-02 2.8605428727e+00
2.5182482336e-02 2.8774666660e+00
2.5387539337e-02 2.8130995123e+00
2.5592637354e-02 2.8088116415e+00
2.5797776395e-02 2.8502446897e+00
2.6002956468e-02 2.9742771307e+00
2.6208177580e-02 3.0702681468e+00
2.6413439741e-02 3.1243610051e+00
2.6618742959e-02 3.0950095865e+00
2.6824087241e-02 2.9810894589e+00
2.7029472597e-02 2.8560560408e+00
2.7234899033e-02 2.9199261590e+00
2.7440366559e-02 3.1598862008e+00
2.7645875182e-02 3.2993775028e+00
2.7851424912e-02 3.2869253826e+00
2.8057015755e-02 3.3065112141e+00
2.8262647721e-02 3.1574406375e+00
2.8468320817e-02 3.1270330155e+00
2.8674035052e-02 3.1442598511e+00
2.8879790434e-02 3.2803067798e+00
2.9085586971e-02 3.4303485722e+00
2.9291424671e-02 3.4306263403e+00
2.9497303543e-02 3.4087551219e+00
2.9703223595e-02 3.3342316255e+00
2.9909184836e-02 3.2933368076e+00
3.0115187272e-02 3.3041086575e+00
3.0321230913e-02 3.4616942162e+00
3.0527315767e-02 3.5869696399e+00
3.0733441842e-02 3.5873664974e+00
3.0939609147e-02 3.6387139955e+00
3.1145817689e-02 3.5000143561e+00
3.1352067477e-02 3.3807467429e+00
3.1558358518e-02 3.4536352446e+00
3.1764690823e-02 3.5104871546e+00
3.1971064398e-02 3.6403440304e+00
3.2177479251e-02 3.7380035948e+00
3.2383935392e-02 3.7903818494e+00
3.2590432828e-02 3.7471653618e+00
3.2796971568e-02 3.6308449775e+00
3.3003551620e-02 3.5683009259e+00
3.3210172991e-02 3.6017689593e+00
3.3416835691e-02 3.8037760852e+00
3.3623539728e-02 3.8572128381e+00
3.3830285110e-02 3.9409313060e+00
3.4037071845e-02 3.8828575068e+00
3.4243899942e-02 3.8295414244e+00
3.4450769408e-02 3.7527898863e+00
3.4657680252e-02 3.7573175870e+00
3.4864632483e-02 3.8948490696e+00
3.5071626108e-02 4.0060290453e+00
3.5278661136e-02 4.0658351580e+00
3.5485737575e-02 4.0082224981e+00
3.5692855434e-02 3.9567267307e+00
3.5900014720e-02 3.8540371282e+00
3.6107215442e-02 3.8755464900e+00
3.6314457609e-02 3.9911761977e+00
3.6521741228e-02 4.1304505581e+00
3.6729066308e-02 4.1807018871e+00
3.6936432857e-02 4.1033357947e+00
3.7143840884e-02 4.0950013921e+00
3.7351290397e-02 4.0073306783e+00
3.7558781403e-02 4.0777401318e+00
3.7766313912e-02 4.1786163443e+00
3.7973887931e-02 4.2704784971e+00
3.8181503470e-02 4.2858075851e+00
3.8389160536e-02 4.2354322641e+00
3.8596859137e-02 4.1847563932e+00
3.8804599282e-02 4.1117809218e+00
3.9012380979e-02 4.2138817162e+00
3.9220204237e-02 4.2852124446e+00
3.9428069064e-02 4.5264608403e+00
3.9635975468e-02 4.4988652427e+00
3.9843923457e-02 4.4273140034e+00
4.0051913040e-02 4.3492313129e+00
4.0259944225e-02 4.3683014667e+00
4.0468017020e-02 4.4277145799e+00
4.0676131434e-02 4.4849454366e+00
4.0884287476e-02 4.5422967944e+00
4.1092485152e-02 4.5814982049e+00
4.1300724472e-02 4.6006776634e+00
4.1509005445e-02 4.6391783568e+00
4.1717328077e-02 4.5062384697e+00
4.1925692379e-02 4.5608399673e+00
4.2134098357e-02 4.7003413110e+00
4.2342546021e-02 4.7328486547e+00
4.2551035378e-02 4.7595448053e+00
4.2759566438e-02 4.7845429379e+00
4.2968139208e-02 4.7079537275e+00
4.3176753696e-02 4.7558578313e+00
4.3385409912e-02 4.7394749147e+00
4.3594107863e-02 4.7471183138e+00
4.3802847558e-02 4.8331422107e+00
4.4011629005e-02 4.8858659880e+00
4.4220452212e-02 4.8673517577e+00
4.4429317188e-02 4.8724738822e+00
4.4638223942e-02 4.8746628841e+00
4.4847172481e-02 4.9302210885e+00
4.5056162814e-02 4.9158700999e+00
4.5265194949e-02 5.0439774585e+00
4.5474268894e-02 5.0891679439e+00
4.5683384659e-02 5.0414301798e+00
4.5892542251e-02 5.0847071565e+00
4.6101741679e-02 5.0719501737e+00
4.6310982950e-02 5.0566982168e+00
4.6520266075e-02 5.0748795556e+00
4.6729591060e-02 4.9970139464e+00
4.6938957914e-02 5.0960343601e+00
4.7148366646e-02 5.2365115473e+00
4.7357817263e-02 5.2450638198e+00
4.7567309775e-02 5.1829057389e+00
4.7776844190e-02 5.2496130631e+00
4.7986420516e-02 5.1771480752e+00
4.8196038761e-02 5.2202018782e+00
4.8405698934e-02 5.3527872715e+00
4.8615401043e-02 5.3662932208e+00
4.8825145097e-02 5.4187220213e+00
4.9034931104e-02 5.4925679085e+00
4.9244759073e-02 5.3100856887e+00
4.9454629011e-02 5.3435174457e+00
4.9664540927e-02 5.3944002621e+00
4.9874494830e-02 5.3950152918e+00
5.0084490728e-02 5.5291597968e+00
5.0294528629e-02 5.5842875387e+00
5.0504608542e-02 5.5962523019e+00
5.0714730475e-02 5.4911145463e+00
5.0924894437e-02 5.6662908532e+00
5.1135100436e-02 5.5941106386e+00
5.1345348480e-02 5.5495010094e+00
5.1555638578e-02 5.6364604271e+00
5.1765970738e-02 5.5775694183e+00
5.1976344969e-02 5.7249500820e+00
5.2186761279e-02 5.7622356097e+00
5.2397219676e-02 5.8282908369e+00
5.2607720170e-02 5.7079883496e+00
5.2818262767e-02 5.6755942203e+00
5.3028847478e-02 5.5883037674e+00
5.3239474309e-02 5.6537936449e+00
5.3450143270e-02 5.8663705209e+00
5.3660854369e-02 5.9362295827e+00
5.3871607615e-02 5.9844767459e+00
5.4082403015e-02 5.9212759469e+00
5.4293240579e-02 5.8063050720e+00
5.4504120314e-02 5.7519943864e+00
5.4715042230e-02 5.7910314378e+00
5.4926006334e-02 5.9344083447e+00
5.5137012635e-02 5.9652357012e+00
5.5348061142e-02 6.0168985033e+00
5.5559151862e-02 6.1096573763e+00
5.5770284805e-02 6.0188923589e+00
5.5981459979e-02 5.8999532316e+00
5.6192677392e-02 5.8784696693e+00
5.6403937053e-02 5.9593020157e+00
5.6615238970e-02 6.0573788233e+00
5.6826583151e-02 6.0978383992e+00
5.7037969606e-02 6.2954706241e+00
5.7249398342e-02 6.2533998674e+00
5.7460869368e-02 6.0911025692e+00
5.7672382692e-02 6.0497047725e+00
5.7883938324e-02 6.1613800161e+00
5.8095536271e-02 6.2133686504e+00
5.8307176541e-02 6.2210468327e+00
5.8518859144e-02 6.2943975247e+00
5.8730584088e-02 6.3164829358e+00
5.8942351380e-02 6.2987361445e+00
5.9154161031e-02 6.2836460288e+00
5.9366013048e-02 6.2941639860e+00
5.9577907439e-02 6.2412143807e+00
5.9789844213e-02 6.2765490867e+00
6.0001823380e-02 6.3375537093e+00
6.0213844946e-02 6.4140471677e+00
6.0425908920e-02 6.5432722578e+00
6.0638015312e-02 6.5107566782e+00
6.0850164129e-02 6.5186462070e+00
6.1062355381e-02 6.5419538328e+00
6.1274589074e-02 6.5322721435e+00
6.1486865219e-02 6.5237566480e+00
6.1699183823e-02 6.4141737422e+00
6.1911544895e-02 6.4920651001e+00
6.2123948444e-02 6.6480950343e+00
6.2336394478e-02 6.7522355497e+00
6.2548883005e-02 6.7857423667e+00
6.2761414034e-02 6.7591918094e+00
6.2973987573e-02 6.6849931230e+00
6.3186603631e-02 6.6272923523e+00
6.3399262217e-02 6.6835140477e+00
6.3611963339e-02 6.6676262078e+00
6.3824707005e-02 6.6767970353e+00
6.4037493225e-02 6.7820757661e+00
6.4250322006e-02 6.7916633007e+00
6.4463193356e-02 6.8750716673e+00
6.4676107286e-02 6.9113371405e+00
6.4889063802e-02 6.8233860400e+00
6.5102062914e-02 6.8099253231e+00
6.5315104630e-02 6.7782011740e+00
6.5528188959e-02 6.7665143459e+00
6.5741315909e-02 6.8011436031e+00
6.5954485488e-02 6.9914430488e+00
6.6167697706e-02 7.1224296720e+00
6.6380952570e-02 7.0420056017e+00
6.6594250090e-02 6.9358727977e+00
6.6807590273e-02 6.9849135914e+00
6.7020973128e-02 6.8677854784e+00
6.7234398665e-02 6.9710975249e+00
6.7447866891e-02 7.0840379490e+00
6.7661377815e-02 7.1081685292e+00
6.7874931445e-02 7.2072727123e+00
6.8088527790e-02 7.2288214678e+00
6.8302166859e-02 7.1497533742e+00
6.8515848660e-02 7.0744263783e+00
6.8729573201e-02 7.1016796233e+00
6.8943340492e-02 7.1129160544e+00
6.9157150540e-02 7.1675598612e+00
6.9371003355e-02 7.1281155577e+00
6.9584898944e-02 7.2276426740e+00
6.9798837317e-02 7.2282637657e+00
7.0012818482e-02 7.3461066181e+00
7.0226842447e-02 7.3204975792e+00
7.0440909222e-02 7.2824582868e+00
7.0655018814e-02 7.2975577592e+00
7.0869171232e-02 7.2707692932e+00
7.1083366485e-02 7.2831384152e+00
7.1297604582e-02 7.2810794511e+00
7.1511885530e-02 7.3570359497e+00
7.1726209339e-02 7.4313387764e+00
7.1940576017e-02 7.5213670215e+00
7.2154985572e-02 7.5274282449e+00
7.2369438014e-02 7.4280790347e+00
7.2583933350e-02 7.4781909838e+00
7.2798471590e-02 7.4667643810e+00
7.3013052742e-02 7.4016689427e+00
7.3227676814e-02 7.4611939441e+00
7.3442343815e-02 7.5331270764e+00
7.3657053754e-02 7.5062337926e+00
7.3871806640e-02 7.5718633671e+00
7.4086602480e-02 7.6043661218e+00
7.4301441283e-02 7.5884766530e+00
7.4516323059e-02 7.6035672931e+00
7.4731247816e-02 7.6006939461e+00
7.4946215561e-02 7.5155292420e+00
7.5161226305e-02 7.5312814760e+00
7.5376280055e-02 7.6321288264e+00
7.5591376820e-02 7.7281816781e+00
7.5806516608e-02 7.8568426997e+00
7.6021699429e-02 7.8783692500e+00
7.6236925291e-02 7.9205734188e+00
7.6452194202e-02 7.7546462177e+00
7.6667506171e-02 7.7136605681e+00
7.6882861207e-02 7.7094587283e+00
7.7098259319e-02 7.6664629183e+00
7.7313700514e-02 7.7241486941e+00
7.7529184802e-02 7.8486401528e+00
7.7744712191e-02 7.9748042367e+00
7.7960282690e-02 7.8734819387e+00
7.8175896307e-02 7.9166242916e+00
7.8391553051e-02 7.8786691830e+00
7.8607252931e-02 7.8623782787e+00
7.8822995955e-02 7.8271579106e+00
7.9038782132e-02 7.8588166729e+00
7.9254611471e-02 7.9012057026e+00
7.9470483980e-02 7.9425437418e+00
7.9686399667e-02 8.0589825391e+00
7.9902358542e-02 8.0935738816e+00
8.0118360613e-02 8.1139685638e+00
8.0334405889e-02 8.0656794697e+00
8.0550494379e-02 8.1070027753e+00
8.0766626090e-02 8.0199722663e+00
8.0982801032e-02 8.1552159330e+00
8.1199019213e-02 7.9939937047e+00
8.1415280643e-02 7.9789311085e+00
8.1631585328e-02 8.1097908063e+00
8.1847933280e-02 8.1972061298e+00
8.2064324505e-02 8.2064322460e+00
8.2280759012e-02 8.4006096976e+00
8.2497236811e-02 8.3555375712e+00
8.2713757910e-02 8.3536250313e+00
8.2930322317e-02 8.3623128086e+00
8.3146930042e-02 8.2383441221e+00
8.3363581092e-02 8.2788138879e+00
8.3580275477e-02 8.1485919510e+00
8.3797013205e-02 8.2858206975e+00
8.4013794285e-02 8.3582543613e+00
8.4230618726e-02 8.4719908409e+00
8.4447486536e-02 8.4522497338e+00
8.4664397723e-02 8.4089422020e+00
8.4881352298e-02 8.4719468894e+00
8.5098350267e-02 8.4789620314e+00
8.5315391641e-02 8.4371082003e+00
8.5532476427e-02 8.3068586346e+00
8.5749604634e-02 8.4177926818e+00
8.5966776271e-02 8.5125789124e+00
8.6183991347e-02 8.4834175345e+00
8.6401249871e-02 8.5395302608e+00
8.6618551850e-02 8.7539375200e+00
8.6835897294e-02 8.6920790677e+00
8.7053286212e-02 8.6117087408e+00
8.7270718612e-02 8.5538059109e+00
8.7488194502e-02 8.5229444783e+00
8.7705713893e-02 8.4412014916e+00
8.7923276791e-02 8.5503134152e+00
8.8140883206e-02 8.6600066545e+00
8.8358533147e-02 8.6926265591e+00
8.8576226622e-02 8.7515562581e+00
8.8793963641e-02 8.8336754199e+00
8.9011744211e-02 8.9483912445e+00
8.9229568341e-02 8.8940309570e+00
8.9447436041e-02 8.8410787190e+00
8.9665347319e-02 8.7793756352e+00
8.9883302183e-02 8.5724025817e+00
9.0101300642e-02 8.6136990044e+00
9.0319342706e-02 8.7257639010e+00
9.0537428382e-02 8.7956852641e+00
9.0755557680e-02 8.8311210023e+00
9.0973730608e-02 8.8673276790e+00
9.1191947175e-02 9.0143625467e+00
9.1410207390e-02 9.0062327121e+00
9.1628511261e-02 8.9771222275e+00
9.1846858798e-02 8.9941065851e+00
9.2065250008e-02 8.9088990958e+00
9.2283684900e-02 8.7480163823e+00
9.2502163485e-02 8.7879650380e+00
9.2720685769e-02 8.9218165869e+00
9.2939251762e-02 8.7743524124e+00
9.3157861472e-02 8.9197560915e+00
9.3376514909e-02 8.9638561492e+00
9.3595212081e-02 9.2066652647e+00
9.3813952997e-02 9.1463726854e+00
9.4032737665e-02 9.1501405188e+00
9.4251566095e-02 9.2386945236e+00
9.4470438295e-02 9.0553319428e+00
9.4689354273e-02 9.0280047589e+00
9.4908314039e-02 8.9486150925e+00
9.5127317602e-02 9.1540597741e+00
9.5346364969e-02 8.9884872903e+00
9.5565456151e-02 9.0655956811e+00
9.5784591155e-02 9.1910918420e+00
9.6003769990e-02 9.1330891610e+00
9.6222992666e-02 9.2308963142e+00
9.6442259190e-02 9.3140446221e+00
9.6661569572e-02 9.2877444335e+00
9.6880923821e-02 9.1801693874e+00
9.7100321945e-02 9.3051721910e+00
9.7319763953e-02 9.1549981307e+00
9.7539249853e-02 9.2252146766e+00
9.7758779655e-02 9.2623111189e+00
9.7978353368e-02 9.1424156576e+00
9.8197971000e-02 9.2591870557e+00
9.8417632559e-02 9.4044385507e+00
9.8637338056e-02 9.4428876279e+00
9.8857087497e-02 9.3903501669e+00
9.9076880894e-02 9.3964085808e+00
9.9296718253e-02 9.4415115264e+00
9.9516599584e-02 9.3919722503e+00
9.9736524895e-02 9.3567417988e+00
9.9956494197e-02 9.3119909703e+00
1.0017650750e-01 9.3375928255e+00
1.0039656480e-01 9.3001171604e+00
1.0061666612e-01 9.4002519353e+00
1.0083681147e-01 9.4002943178e+00
1.0105700085e-01 9.4685210662e+00
1.0127723428e-01 9.5623353765e+00
1.0149751175e-01 9.4806032119e+00
1.0171783328e-01 9.4878236298e+00
1.0193819889e-01 9.4504077096e+00
1.0215860857e-01 9.3507621547e+00
1.0237906233e-01 9.4844427630e+00
1.0259956019e-01 9.4345212102e+00
1.0282010216e-01 9.4788279539e+00
1.0304068824e-01 9.5973248079e+00
1.0326131844e-01 9.5073851741e+00
1.0348199277e-01 9.5158602617e+00
1.0370271124e-01 9.6569049341e+00
1.0392347385e-01 9.6483137121e+00
1.0414428063e-01 9.5243670024e+00
1.0436513157e-01 9.5189832223e+00
1.0458602669e-01 9.5455756819e+00
1.0480696598e-01 9.4213989563e+00
1.0502794947e-01 9.4798163380e+00
1.0524897717e-01 9.5039136650e+00
1.0547004907e-01 9.4420867399e+00
1.0569116519e-01 9.3536401044e+00
1.0591232554e-01 9.3753961171e+00
1.0613353012e-01 9.2397045775e+00
1.0635477895e-01 9.0209247319e+00
1.0657607204e-01 8.2146096038e+00
1.0679740938e-01 5.5089990553e+00
1.0701879100e-01 2.8359847942e+00
1.0724021690e-01 1.9674703370e+00
1.0746168709e-01 2.1999945655e+00
1.0768320158e-01 2.9476602927e+00
1.0790476038e-01 4.0380519801e+00
1.0812636349e-01 3.7455215855e+00
1.0834801092e-01 2.8464609351e+00
1.0856970270e-01 2.3078818104e+00
1.0879143881e-01 2.4806797548e+00
1.0901321927e-01 3.0931816911e+00
1.0923504410e-01 3.7356379148e+00
1.0945691329e-01 3.3205212181e+00
1.0967882687e-01 2.6085064743e+00
1.0990078483e-01 2.3375963561e+00
1.1012278718e-01 2.5233143969e+00
1.1034483395e-01 3.6543170336e+00
1.1056692512e-01 3.7837778037e+00
1.1078906072e-01 3.1711791668e+00
1.1101124075e-01 2.5893777977e+00
1.1123346522e-01 2.4469669321e+00
1.1145573414e-01 2.9238550016e+00
1.1167804752e-01 3.8853954028e+00
1.1190040536e-01 3.7238066606e+00
1.1212280768e-01 3.1192330010e+00
1.1234525449e-01 2.5028526037e+00
1.1256774578e-01 2.6287455339e+00
1.1279028159e-01 3.1937867601e+00
1.1301286190e-01 3.7416320644e+00
1.1323548673e-01 3.4255033975e+00
1.1345815610e-01 2.9357723015e+00
1.1368087000e-01 2.8695192407e+00
1.1390362845e-01 3.1304999558e+00
1.1412643145e-01 3.8672809883e+00
1.1434927902e-01 3.7587310383e+00
1.1457217117e-01 3.1153283849e+00
1.1479510790e-01 2.6801856076e+00
1.1501808922e-01 2.7550604191e+00
1.1524111513e-01 3.2136092026e+00
1.1546418566e-01 3.8451743251e+00
1.1568730081e-01 3.5858186207e+00
1.1591046059e-01 3.1593451882e+00
1.1613366500e-01 2.9954735971e+00
1.1635691406e-01 3.1878829301e+00
1.1658020777e-01 3.5034437133e+00
1.1680354614e-01 3.7055440095e+00
1.1702692919e-01 3.1860475085e+00
1.1725035692e-01 3.0389364380e+00
1.1747382934e-01 2.9960791986e+00
1.1769734645e-01 3.3189052321e+00
1.1792090828e-01 3.7363542184e+00
1.1814451482e-01 3.8682746254e+00
1.1836816609e-01 3.3672415723e+00
1.1859186209e-01 3.3637005907e+00
1.1881560283e-01 3.1709084479e+00
1.1903938833e-01 3.4859946006e+00
1.1926321859e-01 3.6758449160e+00
1.1948709362e-01 3.5108396698e+00
1.1971101343e-01 3.2783807754e+00
1.1993497803e-01 3.1987630183e+00
1.2015898743e-01 3.2252094271e+00
1.2038304163e-01 3.5741159362e+00
1.2060714065e-01 3.7100672646e+00
1.2083128449e-01 3.7146541459e+00
1.2105547316e-01 3.4296248851e+00
1.2127970668e-01 3.4267661383e+00
1.2150398505e-01 3.3918420861e+00
1.2172830828e-01 3.4524829136e+00
1.2195267637e-01 3.7133136341e+00
1.2217708935e-01 3.4315647118e+00
1.2240154721e-01 3.3899497021e+00
1.2262604997e-01 3.3622818037e+00
1.2285059764e-01 3.4014001168e+00
1.2307519021e-01 3.5191839465e+00
1.2329982772e-01 3.8192167107e+00
1.2352451015e-01 3.7445228637e+00
1.2374923752e-01 3.8522538223e+00
1.2397400985e-01 3.6428970018e+00
1.2419882713e-01 3.4568020525e+00
1.2442368938e-01 3.4924274173e+00
1.2464859661e-01 3.7737204837e+00
1.2487354882e-01 3.8043040983e+00
1.2509854603e-01 3.9299736328e+00
1.2532358824e-01 3.8003184672e+00
1.2554867547e-01 3.7527425273e+00
1.2577380772e-01 3.7771639278e+00
1.2599898500e-01 3.8282616952e+00
1.2622420731e-01 3.9545604804e+00
1.2644947468e-01 3.8989652572e+00
1.2667478711e-01 3.6755250289e+00
1.2690014460e-01 3.5211467182e+00
1.2712554717e-01 3.5343811390e+00
1.2735099482e-01 3.6614209749e+00
1.2757648757e-01 3.9369808405e+00
1.2780202542e-01 4.0044211371e+00
1.2802760838e-01 3.8781006033e+00
1.2825323647e-01 3.8098313077e+00
1.2847890968e-01 3.9195300787e+00
1.2870462803e-01 3.9432259229e+00
1.2893039153e-01 4.0976792409e+00
1.2915620019e-01 4.0184994153e+00
1.2938205402e-01 3.8583295475e+00
1.2960795302e-01 3.7769449290e+00
1.2983389720e-01 3.7208190551e+00
1.3005988658e-01 3.9006479052e+00
1.3028592116e-01 3.9415515840e+00
1.3051200095e-01 3.9597739033e+00
1.3073812596e-01 4.0117194164e+00
1.3096429620e-01 4.0667258139e+00
1.3119051168e-01 4.1441063032e+00
1.3141677241e-01 4.1959251607e+00
1.3164307840e-01 4.1269117357e+00
1.3186942965e-01 3.9961101997e+00
1.3209582617e-01 4.1188627878e+00
1.3232226798e-01 4.1343336259e+00
1.3254875508e-01 3.9453191717e+00
1.3277528748e-01 4.0142082798e+00
1.3300186520e-01 3.9352611763e+00
1.3322848823e-01 4.0158188145e+00
1.3345515660e-01 4.1061301533e+00
1.3368187030e-01 4.1864519623e+00
1.3390862935e-01 4.1893840734e+00
1.3413543375e-01 4.1165881037e+00
1.3436228352e-01 4.1463628962e+00
1.3458917867e-01 4.4304720355e+00
1.3481611920e-01 4.3684213001e+00
1.3504310512e-01 4.4461198114e+00
1.3527013644e-01 4.3965652942e+00
1.3549721318e-01 4.4614017526e+00
1.3572433533e-01 4.3775429800e+00
1.3595150292e-01 4.3513072816e+00
1.3617871594e-01 4.2143166801e+00
1.3640597440e-01 4.2288187159e+00
1.3663327833e-01 4.2410144638e+00
1.3686062772e-01 4.2517270057e+00
1.3708802258e-01 4.2329031196e+00
1.3731546293e-01 4.2645308586e+00
1.3754294877e-01 4.4183944821e+00
1.3777048011e-01 4.5127527685e+00
1.3799805697e-01 4.5589499078e+00
1.3822567934e-01 4.6274597494e+00
1.3845334724e-01 4.6985151455e+00
1.3868106068e-01 4.5795559310e+00
1.3890881967e-01 4.5954254868e+00
1.3913662421e-01 4.4466501414e+00
1.3936447432e-01 4.5563415564e+00
1.3959237000e-01 4.4569353230e+00
1.3982031127e-01 4.5083328524e+00
1.4004829813e-01 4.4359961010e+00
1.4027633059e-01 4.3318121219e+00
1.4050440867e-01 4.4745044633e+00
1.4073253236e-01 4.3218257688e+00
1.4096070168e-01 4.4022329834e+00
1.4118891664e-01 4.3598366773e+00
1.4141717725e-01 4.4566863141e+00
1.4164548352e-01 4.3986652276e+00
1.4187383545e-01 4.6420959208e+00
1.4210223306e-01 4.5386703711e+00
1.4233067635e-01 4.4869778156e+00
1.4255916533e-01 4.7586071528e+00
1.4278770002e-01 4.5782773512e+00
1.4301628041e-01 4.6847815143e+00
1.4324490653e-01 4.7357638514e+00
1.4347357838e-01 4.5525350229e+00
1.4370229596e-01 4.6438894758e+00
1.4393105930e-01 4.4271649332e+00
1.4415986839e-01 4.5269309570e+00
1.4438872325e-01 4.5651526774e+00
1.4461762388e-01 4.4271740800e+00
1.4484657030e-01 4.3678718147e+00
1.4507556252e-01 4.3465264815e+00
1.4530460053e-01 4.3771110857e+00
1.4553368436e-01 4.3952661953e+00
1.4576281401e-01 4.3056450898e+00
1.4599198949e-01 4.2387795491e+00
1.4622121081e-01 4.2629620564e+00
1.4645047797e-01 3.9541717304e+00
1.4667979100e-01 3.6368369475e+00
1.4690914989e-01 3.0753535388e+00
1.4713855466e-01 2.1383506600e+00
1.4736800532e-01 1.2327868269e+00
1.4759750187e-01 4.5921827072e-01
1.4782704432e-01 2.6763309069e-01
1.4805663269e-01 5.0456570665e-01
1.4828626698e-01 4.4172882903e-01
1.4851594720e-01 1.3792582710e-01
1.4874567336e-01 -5.1663481632e-02
1.4897544547e-01 -1.5669615932e-01
1.4920526354e-01 8.3441027877e-02
1.4943512758e-01 1.1058574803e-01
1.4966503760e-01 1.8571966016e-01
1.4989499360e-01 1.9502294684e-01
1.5012499560e-01 1.4262858727e-01
1.5035504360e-01 3.3972702556e-02
1.5058513762e-01 4.1420498056e-02
1.5081527766e-01 1.4673228864e-01
1.5104546373e-01 9.2454240941e-02
1.5127569585e-01 6.1460536399e-02
1.5150597401e-01 -1.4757176349e-01
1.5173629824e-01 -2.1360451143e-01
1.5196666854e-01 -1.8941960187e-02
1.5219708491e-01 -9.6574317857e-02
1.5242754737e-01 -1.6766414699e-01
1.5265805593e-01 -2.2706737524e-01
1.5288861060e-01 2.9264611775e-02
1.5311921138e-01 1.4550590308e-01
1.5334985829e-01 5.6705980073e-02
1.5358055133e-01 1.9845951093e-01
1.5381129051e-01 -2.5071617867e-02
1.5404207584e-01 2.1727800274e-01
1.5427290734e-01 -1.9030246706e-01
1.5450378501e-01 7.5214732041e-02
1.5473470886e-01 2.3224242972e-01
1.5496567890e-01 9.0968107716e-02
1.5519669513e-01 1.3050369689e-01
1.5542775758e-01 7.8300558544e-02
1.5565886624e-01 2.5921131397e-01
1.5589002113e-01 -1.7891665131e-03
1.5612122225e-01 -6.0246248331e-02
1.5635246962e-01 3.4804490007e-01
1.5658376324e-01 2.6487269321e-01
1.5681510313e-01 3.7765263069e-01
1.5704648929e-01 1.9870548811e-01
1.5727792173e-01 3.6079163107e-01
1.5750940046e-01 2.2057001890e-01
1.5774092549e-01 4.6686348435e-02
1.5797249683e-01 1.8992086199e-02
1.5820411449e-01 1.9227221181e-02
1.5843577848e-01 2.2645279581e-01
1.5866748881e-01 1.0673156129e-01
1.5889924548e-01 2.0123929047e-01
1.5913104851e-01 1.3004935553e-01
1.5936289790e-01 1.3901605800e-01
1.5959479367e-01 1.2068843550e-01
1.5982673582e-01 4.1510872846e-03
1.6005872437e-01 2.9017789420e-01
1.6029075932e-01 1.1972851118e-01
1.6052284067e-01 1.8317015991e-01
1.6075496845e-01 2.6676475731e-01
1.6098714267e-01 9.2180765749e-02
1.6121936331e-01 2.9905310893e-01
1.6145163041e-01 9.2518913766e-02
1.6168394397e-01 1.0719850197e-01
1.6191630399e-01 -6.4883462541e-02
1.6214871049e-01 2.2558596019e-01
1.6238116348e-01 5.0270068413e-01
1.6261366296e-01 3.3767014035e-01
1.6284620895e-01 3.2531915373e-01
1.6307880145e-01 3.3876880253e-01
1.6331144047e-01 2.7312257514e-01
1.6354412603e-01 8.2962405671e-02
1.6377685813e-01 5.5377063933e-03
1.6400963678e-01 3.6022651245e-01
1.6424246198e-01 4.0611329882e-01
1.6447533376e-01 2.8856301109e-01
1.6470825212e-01 2.2552035365e-01
1.6494121707e-01 1.1824516923e-01
1.6517422861e-01 1.4971488203e-01
1.6540728676e-01 4.2879986436e-02
1.6564039153e-01 1.0985866383e-01
1.6587354292e-01 2.8216977308e-01
1.6610674095e-01 -1.5718721734e-01
1.6633998562e-01 1.9812731029e-01
1.6657327695e-01 1.4007758779e-01
1.6680661494e-01 3.8197826811e-01
1.6703999960e-01 3.8111416163e-01
1.6727343094e-01 4.0952668917e-01
1.6750690897e-01 3.5099702012e-01
1.6774043370e-01 1.7451939319e-01
1.6797400515e-01 3.1743310937e-01
1.6820762331e-01 6.5579676142e-02
1.6844128820e-01 2.4691784482e-01
1.6867499983e-01 2.0986493783e-01
1.6890875820e-01 3.8801026337e-01
1.6914256333e-01 3.8094696363e-02
1.6937641523e-01 6.8267672604e-02
1.6961031390e-01 3.4842648285e-01
1.6984425936e-01 2.1769413090e-01
1.7007825161e-01 2.0809430424e-01
1.7031229066e-01 3.2925103273e-01
1.7054637653e-01 5.0015013388e-01
1.7078050922e-01 5.0694588880e-01
1.7101468874e-01 3.9999294166e-01
1.7124891510e-01 4.3202066841e-01
1.7148318831e-01 6.1120356219e-01
1.7171750838e-01 1.7470662439e-01
1.7195187531e-01 3.3478767717e-01
1.7218628913e-01 2.2682172397e-01
1.7242074983e-01 2.4522448386e-01
1.7265525743e-01 2.0905281191e-01
1.7288981194e-01 -2.8678544786e-01
1.7312441336e-01 2.3548741413e-01
1.7335906171e-01 1.7899535487e-01
1.7359375699e-01 2.6988774052e-01
1.7382849921e-01 2.0116540982e-01
1.7406328839e-01 7.3085016913e-02
1.7429812453e-01 2.4018788500e-01
1.7453300764e-01 1.6324420509e-01
1.7476793774e-01 3.2979049653e-01
1.7500291482e-01 1.6495993988e-01
1.7523793891e-01 2.8033310825e-01
1.7547301000e-01 1.4758081825e-01
1.7570812811e-01 2.9745109472e-01
1.7594329325e-01 3.9398877958e-01
1.7617850543e-01 3.1559284586e-01
1.7641376466e-01 5.0242005346e-01
1.7664907094e-01 2.3986078004e-01
1.7688442429e-01 3.1109915873e-01
1.7711982472e-01 3.2806654185e-01
1.7735527222e-01 2.6822676712e-01
1.7759076683e-01 3.9137279158e-01
1.7782630853e-01 2.9139033955e-01
1.7806189735e-01 2.7212738071e-01
1.7829753330e-01 2.0362227264e-01
1.7853321637e-01 1.6314760082e-01
1.7876894659e-01 2.0179292169e-01
1.7900472395e-01 4.1144184828e-01
1.7924054848e-01 4.5603250705e-01
1.7947642017e-01 6.5997743988e-01
1.7971233905e-01 6.4422812945e-01
1.7994830511e-01 4.6683415120e-01
1.8018431837e-01 4.6575148126e-01
1.8042037884e-01 3.9464297510e-01
1.8065648653e-01 3.3712926917e-01
1.8089264144e-01 6.9260896461e-02
1.8112884359e-01 9.1728993138e-02
1.8136509298e-01 -1.6174549375e-01
1.8160138963e-01 -4.6746948239e-01
1.8183773354e-01 -2.4678535643e-01
1.8207412473e-01 -4.5740156495e-01
1.8231056319e-01 -5.7069428758e-02
1.8254704895e-01 2.7079933912e-01
1.8278358202e-01 -5.7913758398e-02
1.8302016239e-01 -3.4992125179e-03
1.8325679009e-01 2.1580545120e-02
1.8349346511e-01 -2.5410620413e-01
1.8373018747e-01 -2.0777095201e-01
1.8396695719e-01 -4.8943491294e-02
1.8420377426e-01 -1.6653586670e-01
1.8444063870e-01 2.1167842242e-01
1.8467755052e-01 2.7562708540e-01
1.8491450972e-01 2.7084060205e-01
1.8515151633e-01 -1.0536019621e-01
1.8538857033e-01 -2.2148760722e-01
1.8562567176e-01 2.2508890256e-01
1.8586282061e-01 -7.3707651366e-02
1.8610001689e-01 -7.2155029043e-02
1.8633726062e-01 5.8730374327e-02
1.8657455180e-01 -1.3245753132e-01
1.8681189044e-01 -3.6472487808e-02
1.8704927656e-01 4.0939127437e-02
1.8728671015e-01 1.9724704873e-01
1.8752419124e-01 3.0236971034e-01
1.8776171983e-01 -8.1527575642e-02
1.8799929593e-01 -5.0438013153e-02
1.8823691955e-01 2.1205681546e-01
1.8847459070e-01 1.5525544559e-01
1.8871230939e-01 9.8491836085e-02
1.8895007563e-01 1.0575617053e-01
1.8918788943e-01 8.8965891568e-02
1.8942575079e-01 1.3383173279e-01
1.8966365973e-01 7.7440753454e-02
1.8990161626e-01 4.2856475925e-02
1.9013962038e-01 1.3747431923e-02
1.9037767211e-01 1.6505551434e-01
1.9061577145e-01 4.3277612478e-01
1.9085391842e-01 1.9111938509e-01
1.9109211302e-01 1.2628520170e-01
1.9133035527e-01 1.9283206271e-01
1.9156864517e-01 1.9542337920e-01
1.9180698273e-01 1.3457472275e-01
1.9204536796e-01 5.8195186876e-02
1.9228380088e-01 1.1369185833e-01
1.9252228149e-01 3.4416574048e-01
1.9276080980e-01 3.3344295194e-01
1.9299938582e-01 4.1444365105e-01
1.9323800955e-01 5.3644301747e-01
1.9347668102e-01 3.4949167409e-01
1.9371540023e-01 1.5690624392e-01
1.9395416719e-01 2.1282327563e-01
1.9419298190e-01 -4.0741887952e-03
1.9443184438e-01 3.1835900617e-01
1.9467075464e-01 2.7769201631e-01
1.9490971269e-01 3.3272212402e-01
1.9514871853e-01 4.4294241218e-01
1.9538777218e-01 4.2499663200e-01
1.9562687364e-01 6.6696555529e-01
1.9586602293e-01 4.0695174341e-01
1.9610522005e-01 4.0121709770e-01
1.9634446502e-01 5.0460074359e-01
1.9658375784e-01 1.4837538838e-01
1.9682309853e-01 4.2717997084e-01
1.9706248709e-01 5.3036548471e-01
1.9730192353e-01 4.5335898688e-01
1.9754140786e-01 6.2016047011e-01
1.9778094009e-01 5.5592249846e-01
1.9802052024e-01 6.3317487907e-01
1.9826014830e-01 5.5642574957e-01
1.9849982430e-01 4.2954683552e-01
1.9873954824e-01 5.1003192230e-01
1.9897932012e-01 4.5871728252e-01
1.9921913997e-01 3.9892955365e-01
1.9945900778e-01 5.0746013358e-01
1.9969892357e-01 4.2948378492e-01
1.9993888735e-01 6.1184737847e-01
2.0017889913e-01 7.4093739793e-01
2.0041895892e-01 7.0314132332e-01
2.0065906672e-01 7.1426952076e-01
2.0089922255e-01 5.6130126401e-01
2.0113942641e-01 7.2755017233e-01
2.0137967832e-01 4.9521547396e-01
2.0161997829e-01 3.2695853286e-01
2.0186032631e-01 5.7908678752e-01
2.0210072242e-01 4.7481949335e-01
2.0234116661e-01 6.5486545701e-01
2.0258165889e-01 7.4482414471e-01
2.0282219927e-01 8.4446386641e-01
2.0306278777e-01 1.0074205583e+00
2.0330342439e-01 6.0440776555e-01
2.0354410914e-01 5.8847017164e-01
2.0378484204e-01 6.1197165856e-01
2.0402562308e-01 4.4478409784e-01
2.0426645229e-01 7.1992456386e-01
2.0450732967e-01 6.9444311404e-01
2.0474825523e-01 7.6193688028e-01
2.0498922897e-01 9.0798245787e-01
2.0523025092e-01 8.7210275224e-01
2.0547132108e-01 9.0385801940e-01
2.0571243945e-01 9.8386216833e-01
2.0595360606e-01 8.0429967300e-01
2.0619482090e-01 7.3805163315e-01
2.0643608399e-01 6.1007721924e-01
2.0667739534e-01 5.6905804935e-01
2.0691875495e-01 6.0926628847e-01
2.0716016284e-01 7.2825867049e-01
2.0740161902e-01 9.2044083189e-01
2.0764312349e-01 8.8069627228e-01
2.0788467627e-01 9.1412190350e-01
2.0812627737e-01 1.1028118487e+00
2.0836792678e-01 8.9723006794e-01
2.0860962454e-01 6.8910847022e-01
2.0885137064e-01 8.1912892051e-01
2.0909316509e-01 7.0787331072e-01
2.0933500791e-01 5.8349424984e-01
2.0957689910e-01 7.2484048161e-01
2.0981883867e-01 9.2683445744e-01
2.1006082664e-01 7.8593602050e-01
2.1030286300e-01 9.0353656738e-01
2.1054494778e-01 1.2733015732e+00
2.1078708099e-01 1.0579695822e+00
2.1102926262e-01 7.9413429875e-01
2.1127149269e-01 8.8879243015e-01
2.1151377122e-01 8.4034158924e-01
2.1175609821e-01 6.4631385315e-01
2.1199847366e-01 7.7986208208e-01
2.1224089760e-01 1.1648761156e+00
2.1248337002e-01 8.9883174654e-01
2.1272589095e-01 8.2969575889e-01
2.1296846038e-01 1.0120343352e+00
2.1321107834e-01 1.1235027457e+00
2.1345374482e-01 9.8311460622e-01
2.1369645984e-01 1.0295116704e+00
2.1393922341e-01 1.1519368836e+00
2.1418203553e-01 9.7688543718e-01
2.1442489622e-01 8.0955266547e-01
2.1466780549e-01 8.8587937739e-01
2.1491076335e-01 9.8387649843e-01
2.1515376980e-01 9.1440622016e-01
2.1539682486e-01 1.0316850249e+00
2.1563992853e-01 1.1978094927e+00
2.1588308083e-01 9.4546290539e-01
2.1612628177e-01 1.0535033626e+00
2.1636953135e-01 1.1296749256e+00
2.1661282959e-01 1.1619969847e+00
2.1685617649e-01 1.1439557492e+00
2.1709957206e-01 9.8381275160e-01
2.1734301632e-01 1.1576768252e+00
2.1758650927e-01 8.2330010030e-01
2.1783005092e-01 7.7857782445e-01
2.1807364129e-01 1.3156273267e+00
2.1831728038e-01 1.3352192472e+00
2.1856096821e-01 1.1187447522e+00
2.1880470478e-01 1.0594352234e+00
2.1904849009e-01 1.2648608339e+00
2.1929232417e-01 1.2946788255e+00
2.1953620703e-01 8.2375779633e-01
2.1978013866e-01 8.6654349561e-01
2.2002411909e-01 9.9469579412e-01
2.2026814831e-01 9.5444302772e-01
2.2051222635e-01 1.0816755832e+00
2.2075635321e-01 1.0992447815e+00
