# source /gauss9/home/cityu/chefan/scratch/run/lammps/calc/DPA/3.1/DPA1_7ele_cry260226/straining/20_20_40/300K/nose_hoover/sxx_0_syy_0_szz_5.0e9_sxy_0_sxz_0_syz_0/Ni/fcc_100/stress_info.dat
# axis z
# fit_points 5
# l0 42.33549420022785
# strain stress
0.0000000000e+00 0.0000000000e+00
6.1148111180e-04 8.0643936031e-02
1.6125930655e-03 1.8564819076e-01
2.6147066318e-03 3.8665796110e-01
3.6178228129e-03 4.4041340245e-01
4.6219426120e-03 5.7989396816e-01
5.6270670330e-03 7.1932543947e-01
6.6331970812e-03 8.6362878089e-01
7.6403337627e-03 9.4006056351e-01
8.6484780847e-03 1.0106853949e+00
9.6576310551e-03 1.1620927704e+00
1.0667793683e-02 1.1112919735e+00
1.1678966979e-02 1.3794339424e+00
1.2691151955e-02 1.3912555819e+00
1.3704349621e-02 1.4906010223e+00
1.4718560992e-02 1.4719777347e+00
1.5733787081e-02 1.6888693136e+00
1.6750028904e-02 1.7752422700e+00
1.7767287478e-02 1.8444753476e+00
1.8785563819e-02 1.9551301852e+00
1.9804858945e-02 1.9620243702e+00
2.0825173876e-02 2.0759052974e+00
2.1846509633e-02 2.2568213324e+00
2.2868867236e-02 2.3151432690e+00
2.3892247708e-02 2.4548153079e+00
2.4916652073e-02 2.6826620707e+00
2.5942081354e-02 2.7511560043e+00
2.6968536578e-02 2.9236012906e+00
2.7996018770e-02 3.0196569263e+00
2.9024528958e-02 3.1511744568e+00
3.0054068171e-02 3.2909143428e+00
3.1084637438e-02 3.5065558373e+00
3.2116237789e-02 3.5254316057e+00
3.3148870257e-02 3.6490245194e+00
3.4182535874e-02 3.7160003459e+00
3.5217235674e-02 3.8397738692e+00
3.6252970691e-02 3.9455616941e+00
3.7289741960e-02 3.9779004057e+00
3.8327550520e-02 4.0489101140e+00
3.9366397408e-02 4.1100190820e+00
4.0406283662e-02 4.1335701359e+00
4.1447210322e-02 4.2322539184e+00
4.2489178429e-02 4.5002387913e+00
4.3532189026e-02 4.6986116369e+00
4.4576243155e-02 4.8971260515e+00
4.5621341861e-02 5.2654611063e+00
4.6667486187e-02 5.4778003285e+00
4.7714677182e-02 5.5339440191e+00
4.8762915891e-02 5.7617140050e+00
4.9812203363e-02 5.8268403567e+00
5.0862540648e-02 5.8084041611e+00
5.1913928795e-02 5.8603856013e+00
5.2966368856e-02 5.8414287412e+00
5.4019861884e-02 5.8748408352e+00
5.5074408931e-02 5.8240521958e+00
5.6130011053e-02 6.0241469825e+00
5.7186669305e-02 6.0315390856e+00
5.8244384744e-02 6.1993636844e+00
5.9303158427e-02 6.5201116516e+00
6.0362991414e-02 6.7525419522e+00
6.1423884764e-02 6.9864386115e+00
6.2485839537e-02 7.2785797059e+00
6.3548856797e-02 7.4257819744e+00
6.4612937606e-02 7.6099648293e+00
6.5678083027e-02 7.7155532074e+00
6.6744294127e-02 7.7562368028e+00
6.7811571971e-02 7.7515090141e+00
6.8879917627e-02 7.8447538072e+00
6.9949332162e-02 7.7966066494e+00
7.1019816648e-02 7.8020028577e+00
7.2091372153e-02 7.9886292358e+00
7.3163999749e-02 8.1636471128e+00
7.4237700510e-02 8.2798530641e+00
7.5312475508e-02 8.5823574395e+00
7.6388325819e-02 8.7926032975e+00
7.7465252519e-02 8.9388287550e+00
7.8543256684e-02 9.2865781945e+00
7.9622339392e-02 9.5151880996e+00
8.0702501722e-02 9.6998174120e+00
8.1783744755e-02 9.8004457580e+00
8.2866069572e-02 9.8514957436e+00
8.3949477256e-02 9.8742155746e+00
8.5033968888e-02 9.9445647783e+00
8.6119545555e-02 9.9842814554e+00
8.7206208341e-02 1.0048246270e+01
8.8293958334e-02 1.0100900852e+01
8.9382796621e-02 1.0311533465e+01
9.0472724290e-02 1.0404372740e+01
9.1563742433e-02 1.0596259060e+01
9.2655852139e-02 1.0687026257e+01
9.3749054501e-02 1.1012848023e+01
9.4843350613e-02 1.1286815175e+01
9.5938741568e-02 1.1543122168e+01
9.7035228461e-02 1.1587509275e+01
9.8132812390e-02 1.1823982866e+01
9.9231494452e-02 1.1808465683e+01
1.0033127575e-01 1.1843350547e+01
1.0143215737e-01 1.1923343936e+01
1.0253414043e-01 1.2030784538e+01
1.0363722602e-01 1.2139839723e+01
1.0474141525e-01 1.2193798855e+01
1.0584670922e-01 1.2372737014e+01
1.0695310903e-01 1.2559914887e+01
1.0806061580e-01 1.2756085963e+01
1.0916923064e-01 1.3017074296e+01
1.1027895464e-01 1.3315956855e+01
1.1138978891e-01 1.3479374107e+01
1.1250173458e-01 1.3726350448e+01
1.1361479275e-01 1.3763320575e+01
1.1472896454e-01 1.3654413000e+01
1.1584425106e-01 1.3811895052e+01
1.1696065341e-01 1.3781950106e+01
1.1807817273e-01 1.3867803303e+01
1.1919681013e-01 1.3910352647e+01
1.2031656673e-01 1.3860156367e+01
1.2143744364e-01 1.3137725097e+01
1.2255944199e-01 1.1962861371e+01
1.2368256290e-01 9.5322772641e+00
1.2480680749e-01 6.7738389543e+00
1.2593217689e-01 6.2374080924e+00
1.2705867222e-01 5.1238878654e+00
1.2818629461e-01 5.1255837214e+00
1.2931504518e-01 5.7328380154e+00
1.3044492507e-01 5.5763647629e+00
1.3157593541e-01 5.7190273553e+00
1.3270807732e-01 5.9835483985e+00
1.3384135194e-01 6.1128631924e+00
1.3497576040e-01 5.8540598152e+00
1.3611130384e-01 6.0476264248e+00
1.3724798339e-01 5.9776619241e+00
1.3838580019e-01 5.5032818372e+00
1.3952475537e-01 4.7639492727e+00
1.4066485008e-01 4.6262513078e+00
1.4180608545e-01 4.6232110737e+00
1.4294846263e-01 4.8874309154e+00
1.4409198276e-01 5.2599073724e+00
1.4523664698e-01 5.9300394183e+00
1.4638245643e-01 6.3143773291e+00
1.4752941227e-01 6.3819034692e+00
1.4867751564e-01 6.5108187723e+00
1.4982676769e-01 6.9651462941e+00
1.5097716956e-01 6.8592127858e+00
1.5212872241e-01 7.0376697131e+00
1.5328142739e-01 7.2195266108e+00
1.5443528565e-01 7.4693932332e+00
1.5559029834e-01 7.9859684413e+00
1.5674646663e-01 7.9959626287e+00
1.5790379166e-01 8.2976523128e+00
1.5906227460e-01 8.2045025181e+00
1.6022191660e-01 8.6080076288e+00
1.6138271882e-01 8.8139876522e+00
1.6254468242e-01 8.9209439809e+00
1.6370780857e-01 9.1206619850e+00
1.6487209843e-01 9.1509216784e+00
1.6603755316e-01 9.5016540206e+00
1.6720417392e-01 9.7999840309e+00
1.6837196189e-01 1.0059661654e+01
1.6954091824e-01 1.0319862765e+01
1.7071104412e-01 1.0165174193e+01
1.7188234071e-01 1.0381846267e+01
1.7305480919e-01 1.0520935618e+01
1.7422845072e-01 1.0618793296e+01
1.7540326648e-01 1.1055171078e+01
1.7657925765e-01 1.1142639112e+01
1.7775642539e-01 1.1313391147e+01
1.7893477089e-01 1.1563710221e+01
1.8011429533e-01 1.1676143041e+01
1.8129499988e-01 1.1986952561e+01
1.8247688572e-01 1.1976944283e+01
1.8365995404e-01 1.2114752296e+01
1.8484420602e-01 1.2312450150e+01
1.8602964285e-01 1.2433913510e+01
1.8721626570e-01 1.2666228379e+01
1.8840407578e-01 1.2990700959e+01
1.8959307425e-01 1.3091851519e+01
1.9078326232e-01 1.3286166554e+01
1.9197464117e-01 1.3255946224e+01
1.9316721200e-01 1.3489061996e+01
1.9436097600e-01 1.3741456914e+01
1.9555593435e-01 1.3841381426e+01
1.9675208826e-01 1.3873086779e+01
1.9794943893e-01 1.4065377310e+01
1.9914798754e-01 1.4417663054e+01
2.0034773530e-01 1.4542118229e+01
2.0154868341e-01 1.4537807973e+01
2.0275083307e-01 1.4709527908e+01
2.0395418548e-01 1.4617574836e+01
2.0515874184e-01 1.4672048224e+01
2.0636450336e-01 1.4323686462e+01
2.0757147125e-01 1.1861085554e+01
2.0877964671e-01 7.4195130722e+00
2.0998903095e-01 8.1041623447e+00
2.1119962517e-01 8.3792524728e+00
2.1241143060e-01 8.0196467665e+00
2.1362444844e-01 8.5499406279e+00
2.1483867990e-01 8.6060128392e+00
2.1605412620e-01 9.0895371761e+00
2.1727078856e-01 9.1385196952e+00
2.1848866819e-01 9.3475299506e+00
2.1970776630e-01 9.4284871819e+00
2.2092808412e-01 9.4759263185e+00
2.2214962288e-01 9.8553760638e+00
